**
**
**Template:  Heat 2D Program
**
*NODE
	0,	2.775557562E-17,	0
	1,	0.0125,	0
	2,	0.025,	0
	3,	0.0375,	0
	4,	0.05,	0
	5,	0.0625,	0
	6,	0.075,	0
	7,	0.0875,	0
	8,	0.1,	0
	9,	0.1125,	0
	10,	0.125,	0
	11,	0.1375,	0
	12,	0.15,	0
	13,	0.1625,	0
	14,	0.175,	0
	15,	0.1875,	0
	16,	0.2,	0
	17,	0.2,	0.0125
	18,	0.2,	0.025
	19,	0.2,	0.0375
	20,	0.2,	0.05
	21,	0.2,	0.0625
	22,	0.2,	0.075
	23,	0.2,	0.0875
	24,	0.2,	0.1
	25,	0.2,	0.1125
	26,	0.2,	0.125
	27,	0.2,	0.1375
	28,	0.2,	0.15
	29,	0.2,	0.1625
	30,	0.2,	0.175
	31,	0.2,	0.1875
	32,	0.2,	0.2
	33,	0.2,	0.2125
	34,	0.2,	0.225
	35,	0.2,	0.2375
	36,	0.2,	0.25
	37,	0.2,	0.2625
	38,	0.2,	0.275
	39,	0.2,	0.2875
	40,	0.2,	0.3
	41,	0.2,	0.3125
	42,	0.2,	0.325
	43,	0.2,	0.3375
	44,	0.2,	0.35
	45,	0.2,	0.3625
	46,	0.2,	0.375
	47,	0.2,	0.3875
	48,	0.2,	0.4
	49,	0.1875,	0.4
	50,	0.175,	0.4
	51,	0.1625,	0.4
	52,	0.15,	0.4
	53,	0.1375,	0.4
	54,	0.125,	0.4
	55,	0.1125,	0.4
	56,	0.1,	0.4
	57,	0.0875,	0.4
	58,	0.075,	0.4
	59,	0.0625,	0.4
	60,	0.05,	0.4
	61,	0.0375,	0.4
	62,	0.025,	0.4
	63,	0.0125,	0.4
	64,	2.775557562E-17,	0.4
	65,	2.775557562E-17,	0.3875
	66,	2.775557562E-17,	0.375
	67,	2.775557562E-17,	0.3625
	68,	2.775557562E-17,	0.35
	69,	2.775557562E-17,	0.3375
	70,	2.775557562E-17,	0.325
	71,	2.775557562E-17,	0.3125
	72,	2.775557562E-17,	0.3
	73,	2.775557562E-17,	0.2875
	74,	2.775557562E-17,	0.275
	75,	2.775557562E-17,	0.2625
	76,	2.775557562E-17,	0.25
	77,	2.775557562E-17,	0.2375
	78,	2.775557562E-17,	0.225
	79,	2.775557562E-17,	0.2125
	80,	2.775557562E-17,	0.2
	81,	2.775557562E-17,	0.1875
	82,	2.775557562E-17,	0.175
	83,	2.775557562E-17,	0.1625
	84,	2.775557562E-17,	0.15
	85,	2.775557562E-17,	0.1375
	86,	2.775557562E-17,	0.125
	87,	2.775557562E-17,	0.1125
	88,	2.775557562E-17,	0.1
	89,	2.775557562E-17,	0.0875
	90,	2.775557562E-17,	0.075
	91,	2.775557562E-17,	0.0625
	92,	2.775557562E-17,	0.05
	93,	2.775557562E-17,	0.0375
	94,	2.775557562E-17,	0.025
	95,	2.775557562E-17,	0.0125
	96,	0.1875056715956,	0.1929900423008
	97,	0.1750060263872,	0.1859902830619
	98,	0.162501207438,	0.1789955998364
	99,	0.1499956491904,	0.1720016920899
	100,	0.1374900044179,	0.165007689952
	101,	0.1249839389844,	0.1580133090034
	102,	0.1124751522234,	0.1510146098582
	103,	0.0999605934398,	0.1439947861992
	104,	0.0874460072442,	0.1369266711841
	105,	0.0749434370234,	0.1298074680017
	106,	0.062457445372,	0.1226658799834
	107,	0.0499833479941,	0.1155390724395
	108,	0.0375110273617,	0.1084622934054
	109,	0.0250281577296,	0.1014417675115
	110,	0.0125280908375,	0.0944551297785
	111,	0.0999584571769,	0.1317554354388
	112,	0.0999588448731,	0.1195980985796
	113,	0.0999679269813,	0.1074975672382
	114,	0.1000051285853,	0.0954748394428
	115,	0.1001033130688,	0.0835853825518
	116,	0.1003838869624,	0.0718811654986
	117,	0.1004743135823,	0.0600407520221
	118,	0.1002916406612,	0.0481444953131
	119,	0.1000222521305,	0.0363574390138
	120,	0.0999790726568,	0.0244885545068
	121,	0.0999735597985,	0.012577272772
	122,	0.1126195908054,	0.0784286114118
	123,	0.1250562692393,	0.0850733009166
	124,	0.1375416496873,	0.0917159697509
	125,	0.1500380970375,	0.0983588054406
	126,	0.1625355285055,	0.1050053769888
	127,	0.1750337727017,	0.1116564348264
	128,	0.1875265996048,	0.1183151594379
	129,	0.150037341322,	0.1106160504008
	130,	0.1500359833176,	0.1228639570226
	131,	0.1500338190058,	0.1351088487699
	132,	0.150025014621,	0.1473657085984
	133,	0.1500099904925,	0.1596538111867
	134,	0.1375324948531,	0.1282724086256
	135,	0.1250243111055,	0.1214273530333
	136,	0.1125017355582,	0.1145334192673
	137,	0.1250290092129,	0.1093074614024
	138,	0.1250397924223,	0.097190777254
	139,	0.1375351479075,	0.1160915078196
	140,	0.1375381503696,	0.1039080716811
	141,	0.1125168232191,	0.1024647506042
	142,	0.1125554991663,	0.0904282075248
	143,	0.1249997706004,	0.1457455037928
	144,	0.1250153619775,	0.133564693224
	145,	0.1375059573227,	0.1527005656975
	146,	0.1375226953347,	0.1404676605182
	147,	0.1124849364451,	0.1387769629237
	148,	0.1124942881583,	0.126631781358
	149,	0.1875267971305,	0.1556272477105
	150,	0.1750337505732,	0.1487818592136
	151,	0.1625338008338,	0.1419446739068
	152,	0.1750351098213,	0.1364090190669
	153,	0.1750350053479,	0.1240354800556
	154,	0.1875278745288,	0.1431904676879
	155,	0.1875276783834,	0.1307540091964
	156,	0.1625355263404,	0.1296357196169
	157,	0.1625360233861,	0.1173247402841
	158,	0.1750173987753,	0.1735606657516
	159,	0.1750279332435,	0.1611621762444
	160,	0.1875143434154,	0.1805214528225
	161,	0.1875223895986,	0.1680689977966
	162,	0.1625138287896,	0.166606833546
	163,	0.1625265066144,	0.1542632900482
	164,	0.1500333631816,	0.0127913110909
	165,	0.1500337984554,	0.0249130679705
	166,	0.1500336387674,	0.0370315817813
	167,	0.1500339285107,	0.0492421412374
	168,	0.1500350044915,	0.0615190591865
	169,	0.1500362407112,	0.0738080532156
	170,	0.1500375148258,	0.0860881552147
	171,	0.1125696055963,	0.0424030660211
	172,	0.1250509967384,	0.0486798079575
	173,	0.1375413905778,	0.0550810492612
	174,	0.1250651230569,	0.0608182317288
	175,	0.1250679396983,	0.0729500072561
	176,	0.1126311607059,	0.054406971947
	177,	0.1126599399108,	0.0664323269195
	178,	0.1375441749639,	0.0672983842526
	179,	0.1375443053311,	0.0795123267382
	180,	0.1250347418778,	0.012641699562
	181,	0.1250352710238,	0.0245918068251
	182,	0.1250393619078,	0.0366135548223
	183,	0.1125260035686,	0.0305097899568
	184,	0.1125164647243,	0.0189204882856
	185,	0.1125131305706,	0.0081114581047
	186,	0.1375340252185,	0.0308427511932
	187,	0.1375322868564,	0.0428944222725
	188,	0.1375404174762,	0.0191244976017
	189,	0.1375476884664,	0.0081995983614
	190,	0.1625297973751,	0.0556412574889
	191,	0.1750270584934,	0.0620738004458
	192,	0.1875211313625,	0.0685251988576
	193,	0.1750278845928,	0.0744750766578
	194,	0.1750293218182,	0.0868747778606
	195,	0.1750313452226,	0.0992691986532
	196,	0.1625319233629,	0.0803342908557
	197,	0.1625303937097,	0.0679874542579
	198,	0.1625340422257,	0.0926747750023
	199,	0.1875225110142,	0.0934256322362
	200,	0.1875214581897,	0.0809761094914
	201,	0.1875245596298,	0.1058723387621
	202,	0.1625371701562,	0.0311542547511
	203,	0.1750370692043,	0.0373484744447
	204,	0.1875218941328,	0.0436506675365
	205,	0.175027940266,	0.0496739920721
	206,	0.162536490706,	0.0433296538904
	207,	0.1875210527368,	0.0560762620952
	208,	0.1750088330307,	0.0128999983054
	209,	0.1750559893866,	0.0250692027119
	210,	0.1625312037944,	0.0193183551015
	211,	0.162519715771,	0.0082820642658
	212,	0.1875534254808,	0.0313343464095
	213,	0.1875570362381,	0.0193593980454
	214,	0.1874353857925,	0.0082760568336
	215,	0.0499692216762,	0.102930164448
	216,	0.0499466046833,	0.0902748088573
	217,	0.0500259063172,	0.0774742190254
	218,	0.0505082053416,	0.0645203069949
	219,	0.0505642777603,	0.0516009071856
	220,	0.0501158176924,	0.0385632005384
	221,	0.049968769381,	0.0257732061068
	222,	0.0499487595726,	0.0132130583779
	223,	0.0624515206603,	0.072226134289
	224,	0.0748265997167,	0.0807931179218
	225,	0.0874691991488,	0.0882868691278
	226,	0.074880935676,	0.0928000264781
	227,	0.0749054833112,	0.1050478849118
	228,	0.0749235112168,	0.1174054542233
	229,	0.0624073509786,	0.0976322417104
	230,	0.0623636300561,	0.085041233567
	231,	0.062437071976,	0.1101480869648
	232,	0.0874247015197,	0.1123939455734
	233,	0.087431237729,	0.1002478690342
	234,	0.0874323525865,	0.1246282456465
	235,	0.062532618038,	0.0448138080328
	236,	0.0749920534143,	0.0490635599272
	237,	0.0884058035486,	0.0538148898359
	238,	0.0773960247549,	0.0593164066026
	239,	0.0749655788418,	0.0692051988774
	240,	0.0636318957354,	0.0586335908
	241,	0.0884703075601,	0.0655273045824
	242,	0.087608518486,	0.076663567927
	243,	0.0749057596091,	0.0128477784788
	244,	0.0748853673323,	0.0250291886884
	245,	0.0748199060689,	0.0371775452929
	246,	0.062405625971,	0.0196603444868
	247,	0.0624110678528,	0.0319009096432
	248,	0.0624010013792,	0.0084134916373
	249,	0.087418175507,	0.0306747454517
	250,	0.0875127757736,	0.0424225705144
	251,	0.0874299182666,	0.0190409781982
	252,	0.0874266377659,	0.0081619455478
	253,	0.0125427462667,	0.0567228692067
	254,	0.0250842782993,	0.0634903074002
	255,	0.037699147435,	0.0703179362034
	256,	0.0250490223677,	0.0761642953422
	257,	0.0250320488749,	0.0888224068631
	258,	0.0125378037832,	0.0693061838372
	259,	0.0125332261472,	0.0818878080962
	260,	0.0375145670337,	0.0831206494843
	261,	0.0375065755708,	0.095820002352
	262,	0.0125047361399,	0.0317168354864
	263,	0.0250635122475,	0.0382282819482
	264,	0.0377693677494,	0.0448669961033
	265,	0.025100694966,	0.0508328442161
	266,	0.0125368730969,	0.0441673881395
	267,	0.0378240894812,	0.0575840252561
	268,	0.0250497045099,	0.0132102978402
	269,	0.0250110329516,	0.0256847192926
	270,	0.0125067916339,	0.0196043040774
	271,	0.0126420765985,	0.008386416577
	272,	0.0375479301778,	0.0321739123745
	273,	0.0374978102977,	0.0199256201697
	274,	0.037503285682,	0.008541869679
	275,	0.1875206821572,	0.2929156899185
	276,	0.175027163996,	0.2858469231423
	277,	0.1625317495827,	0.2787802852445
	278,	0.1500369344238,	0.2717141299732
	279,	0.1375416568264,	0.2646484376724
	280,	0.1250433690035,	0.2575860157046
	281,	0.1125389485402,	0.2505360593946
	282,	0.1000300307068,	0.2435079073444
	283,	0.0875211439297,	0.2365001304576
	284,	0.0750143111922,	0.2295016388586
	285,	0.0625092070607,	0.2225049196738
	286,	0.0500040225489,	0.2155080171224
	287,	0.0374989470271,	0.208511257646
	288,	0.0249944473911,	0.2015138622145
	289,	0.0124947654656,	0.1945119633921
	290,	0.1000244462965,	0.2311709732749
	291,	0.1000092869734,	0.2187320598582
	292,	0.1,	0.20625
	293,	0.1,	0.19375
	294,	0.1,	0.18125
	295,	0.0999899491472,	0.1687690533066
	296,	0.0999728346152,	0.1563321342315
	297,	0.1125,	0.20078125
	298,	0.125,	0.2078125
	299,	0.1375,	0.21484375
	300,	0.15,	0.221875
	301,	0.1625,	0.22890625
	302,	0.175,	0.2359375
	303,	0.1875,	0.24296875
	304,	0.15,	0.234375
	305,	0.1500099280982,	0.2468608369611
	306,	0.1500266224238,	0.2593189439502
	307,	0.1375111940765,	0.2398270539495
	308,	0.1250115528106,	0.2327938750179
	309,	0.1125107474361,	0.2257620597749
	310,	0.125,	0.2203125
	311,	0.1375,	0.22734375
	312,	0.1125,	0.21328125
	313,	0.1250313452478,	0.2452354236375
	314,	0.1375302047654,	0.2522763785361
	315,	0.11252910883,	0.2381992486738
	316,	0.1875051440144,	0.2679627712245
	317,	0.175006750858,	0.260928727302
	318,	0.1625083571447,	0.2538947723818
	319,	0.175,	0.2484375
	320,	0.1875,	0.25546875
	321,	0.1625,	0.24140625
	322,	0.1750182573765,	0.273404585892
	323,	0.1875138896261,	0.2804479319835
	324,	0.1625224438968,	0.2663617271341
	325,	0.1499923587785,	0.1844142462938
	326,	0.1499968785053,	0.196883064357
	327,	0.15,	0.209375
	328,	0.1374951510594,	0.1898547354788
	329,	0.1249934109651,	0.1828264109145
	330,	0.1124916697434,	0.1757980431613
	331,	0.1249834296116,	0.1703761785418
	332,	0.1374878686467,	0.1773952528827
	333,	0.1124787012268,	0.1633565538241
	334,	0.125,	0.1953125
	335,	0.1375,	0.20234375
	336,	0.1125,	0.18828125
	337,	0.1875,	0.2179695266665
	338,	0.1749996115218,	0.2109401255709
	339,	0.1624984796431,	0.2039114530191
	340,	0.1750001778774,	0.1984524652735
	341,	0.1875009369744,	0.2054742359984
	342,	0.162496732474,	0.1914331674189
	343,	0.175,	0.2234375
	344,	0.1875,	0.23046875
	345,	0.1625,	0.21640625
	346,	0.0125,	0.14453125
	347,	0.025,	0.1515625
	348,	0.0375,	0.15859375
	349,	0.05,	0.165625
	350,	0.0625,	0.17265625
	351,	0.075,	0.1796875
	352,	0.0875,	0.18671875
	353,	0.05,	0.178125
	354,	0.0500028811929,	0.1906175556334
	355,	0.0500070711845,	0.2030887526626
	356,	0.0375013426632,	0.1835889735678
	357,	0.0250002979654,	0.1765601332026
	358,	0.0125,	0.1695306542659
	359,	0.025,	0.1640625
	360,	0.0375,	0.17109375
	361,	0.0125,	0.15703125
	362,	0.0249998072885,	0.1890487889226
	363,	0.0375030156415,	0.1960688325313
	364,	0.0124991047715,	0.1820263469284
	365,	0.0875076883575,	0.2117032264057
	366,	0.0750060814569,	0.2046746583537
	367,	0.0625044755281,	0.1976461090113
	368,	0.075,	0.1921875
	369,	0.0875,	0.19921875
	370,	0.0625,	0.18515625
	371,	0.0750152778022,	0.2171287044596
	372,	0.0875194792908,	0.2241483956057
	373,	0.0625112137579,	0.2101086977205
	374,	0.0499909394216,	0.1281012948282
	375,	0.049996540086,	0.1406222685844
	376,	0.05,	0.153125
	377,	0.0375018652831,	0.1335849675877
	378,	0.0250056252887,	0.1265522348936
	379,	0.012506462673,	0.1195230752091
	380,	0.0250173059677,	0.114019692561
	381,	0.0375069399811,	0.1210505109245
	382,	0.0125182997372,	0.1070016010232
	383,	0.025,	0.1390625
	384,	0.0375,	0.14609375
	385,	0.0125,	0.13203125
	386,	0.0874885541741,	0.1617373252449
	387,	0.0749886980195,	0.1547013306231
	388,	0.062491571288,	0.1476621740882
	389,	0.0749669775708,	0.1422351626781
	390,	0.0874670462032,	0.14929269279
	391,	0.0624758698851,	0.1351671678483
	392,	0.075,	0.1671875
	393,	0.0875,	0.17421875
	394,	0.0625,	0.16015625
	395,	0.1001487768264,	0.3871617467324
	396,	0.0999989320187,	0.3752551770007
	397,	0.0990755508314,	0.3638247487518
	398,	0.0990691461809,	0.3519426661799
	399,	0.099949914365,	0.3404720825581
	400,	0.1000613983663,	0.3285159562593
	401,	0.1000497910891,	0.3163696640993
	402,	0.1000263514656,	0.3042095552468
	403,	0.1000094248369,	0.2920830711479
	404,	0.1000036724426,	0.2799828032576
	405,	0.100008720149,	0.2678805156471
	406,	0.1000200879456,	0.255739822095
	407,	0.1874486569529,	0.342901921067
	408,	0.1749427745612,	0.3357585375334
	409,	0.1624585473728,	0.3285638491443
	410,	0.1499922303544,	0.321282508134
	411,	0.1375271647572,	0.3139207214848
	412,	0.1250440546285,	0.3065375132188
	413,	0.112535430251,	0.2992240864054
	414,	0.1500065162945,	0.3087555090707
	415,	0.1500253214121,	0.2963758118774
	416,	0.1500356431277,	0.2840549205237
	417,	0.1625177780199,	0.3035369563203
	418,	0.1750128922118,	0.3106898502149
	419,	0.1875070590634,	0.3178413550885
	420,	0.1749792356922,	0.3231716508521
	421,	0.1624887964387,	0.3159802284683
	422,	0.1874780245144,	0.3303447862144
	423,	0.1750276529359,	0.2982656183748
	424,	0.1625310632143,	0.2911605860218
	425,	0.187520795408,	0.3053740359815
	426,	0.1125254645651,	0.2749289825179
	427,	0.1250332577958,	0.2820520096595
	428,	0.1375317606461,	0.2892100035578
	429,	0.1250308814875,	0.2942579247737
	430,	0.1125229163437,	0.2870624049775
	431,	0.1375236762612,	0.3015048690495
	432,	0.1250403551673,	0.2698499301975
	433,	0.112533436458,	0.2627724188114
	434,	0.1375395744408,	0.2769495816784
	435,	0.1499067397398,	0.3861533878644
	436,	0.1497357244938,	0.3730030004395
	437,	0.1496745539557,	0.3600011921671
	438,	0.1497716889068,	0.3470334799574
	439,	0.1499646415784,	0.3340349348711
	440,	0.1874571976106,	0.3680159106801
	441,	0.1749158254603,	0.3611780021081
	442,	0.1623872205438,	0.3541923835547
	443,	0.1749192659041,	0.3484560263743
	444,	0.1874372882253,	0.3554913490382
	445,	0.1624231402294,	0.3413283054361
	446,	0.1748847177482,	0.3865615897444
	447,	0.1749308867276,	0.3738846454039
	448,	0.1874479114132,	0.3802214453528
	449,	0.1873061684907,	0.3915342122674
	450,	0.1623764680823,	0.3669999296859
	451,	0.1623874058266,	0.3795158378573
	452,	0.1623941818411,	0.3912181887636
	453,	0.1369818606462,	0.3527164917336
	454,	0.1250025421922,	0.344770177254
	455,	0.1126651155823,	0.3360578002702
	456,	0.1250995478837,	0.3316762895932
	457,	0.1250731951399,	0.3189644855667
	458,	0.1374348687868,	0.3395106118601
	459,	0.1375348216877,	0.3265500661362
	460,	0.1126036001497,	0.3237683978946
	461,	0.1125639577005,	0.3114561819358
	462,	0.1251332961126,	0.3860598495203
	463,	0.1250201906056,	0.3727075363007
	464,	0.123876989823,	0.3586591424975
	465,	0.1369660110123,	0.3658366135472
	466,	0.1373909959391,	0.3788658563089
	467,	0.1374909014237,	0.3909763268984
	468,	0.1125486259691,	0.3684447918631
	469,	0.1125084037739,	0.3480322185804
	470,	0.1101004144019,	0.3582051611881
	471,	0.1127541117778,	0.380114139637
	472,	0.1127479334532,	0.3914091758184
	473,	0.0874988894925,	0.3093693003255
	474,	0.0749722054868,	0.3026083035713
	475,	0.0624648129527,	0.2959254568247
	476,	0.0499652357522,	0.2892522370107
	477,	0.0374672478272,	0.2825768304499
	478,	0.0249686985094,	0.2758974374745
	479,	0.0124753105747,	0.2692108868989
	480,	0.0499657452646,	0.2769782711059
	481,	0.0499668530712,	0.264711797034
	482,	0.0499688012461,	0.2524475376456
	483,	0.0499769069749,	0.2401720042304
	484,	0.0499907796184,	0.2278676008153
	485,	0.0624696075117,	0.2592984422207
	486,	0.0749731617977,	0.2661530726333
	487,	0.0874840649181,	0.2730304211966
	488,	0.074970835048,	0.2783011056446
	489,	0.0749705654812,	0.2904511334034
	490,	0.0624670380952,	0.2715035124971
	491,	0.0624654362125,	0.2837106872978
	492,	0.087484548375,	0.2851349724069
	493,	0.0874897434828,	0.2972455273173
	494,	0.0749989526961,	0.2417863865287
	495,	0.074982730866,	0.2539897515207
	496,	0.0624941487748,	0.2348266771008
	497,	0.0624786903353,	0.2470802099192
	498,	0.0875071405972,	0.2487505449338
	499,	0.0874923234898,	0.2609126703025
	500,	0.0124752944234,	0.2318849120183
	501,	0.0249688910877,	0.2387445775102
	502,	0.0374688412467,	0.2455966629152
	503,	0.0249676178094,	0.2511271223555
	504,	0.0249676891684,	0.263510029157
	505,	0.0124742764734,	0.2443265270823
	506,	0.0124744262917,	0.2567677320143
	507,	0.0374672732665,	0.2579201808298
	508,	0.0374668482964,	0.2702450827533
	509,	0.024984000174,	0.2139488346238
	510,	0.0249742438479,	0.2263550616065
	511,	0.0124867738791,	0.2069827515384
	512,	0.0124793404472,	0.219438834428
	513,	0.0374872461564,	0.2209084542893
	514,	0.0374755600628,	0.2332641191641
	515,	0.0499772705605,	0.3871946437541
	516,	0.0499695199868,	0.375068379059
	517,	0.049960575021,	0.362934237155
	518,	0.0499660994381,	0.3507174931068
	519,	0.0499670107704,	0.3384300966792
	520,	0.0499673007224,	0.3261293130024
	521,	0.0499668860164,	0.3138293156086
	522,	0.0499658660845,	0.3015372107278
	523,	0.0871936628826,	0.345540951891
	524,	0.0749348902196,	0.339093329841
	525,	0.0624628801022,	0.3326170024876
	526,	0.0749713908955,	0.3269425652518
	527,	0.074974201842,	0.3147744217045
	528,	0.087466851468,	0.3335939343412
	529,	0.0875069119584,	0.3215010022127
	530,	0.0624652521108,	0.3203819184479
	531,	0.0624649345791,	0.3081498766546
	532,	0.0871972338878,	0.3694710235479
	533,	0.0748828044686,	0.3633111950066
	534,	0.0624527160396,	0.3570409128429
	535,	0.0748825880743,	0.3512287443357
	536,	0.0870512701108,	0.3575641479761
	537,	0.0624566822406,	0.3448483863602
	538,	0.0749872318806,	0.3873057478396
	539,	0.074940742857,	0.3753135998261
	540,	0.0874928360822,	0.3809590209449
	541,	0.087551809377,	0.3918148671252
	542,	0.0624583306805,	0.3691007049565
	543,	0.0624670103923,	0.3808327128352
	544,	0.0624698175093,	0.3917803459552
	545,	0.0374716133582,	0.3319775971847
	546,	0.0249741217007,	0.3255017698578
	547,	0.0124797803486,	0.3190119686676
	548,	0.0249734640557,	0.3130959300775
	549,	0.0249722538884,	0.3006915423217
	550,	0.024970680144,	0.2882915641117
	551,	0.0374700962822,	0.3072666390655
	552,	0.037471244974,	0.3196207517758
	553,	0.0374683754052,	0.2949177089772
	554,	0.0124786596214,	0.2941069065017
	555,	0.0124795213047,	0.3065588200976
	556,	0.0124769832708,	0.2816573028356
	557,	0.0374638517937,	0.3566517244232
	558,	0.0249732119217,	0.3503155015813
	559,	0.0124802611685,	0.3439181513799
	560,	0.024973966434,	0.3379092753509
	561,	0.0374708085727,	0.344332224057
	562,	0.0124799711922,	0.3314658903832
	563,	0.0249923855184,	0.3871006240331
	564,	0.0249454080168,	0.3749307709664
	565,	0.0249642805865,	0.3626470375488
	566,	0.0374642314881,	0.3688347198771
	567,	0.0374718474826,	0.3806761508749
	568,	0.0374839121316,	0.3917159259086
	569,	0.0124476155821,	0.3686661747401
	570,	0.012479650699,	0.3563473139276
	571,	0.0124432125241,	0.3806420470947
	572,	0.0125642702893,	0.3917248936728
*ELEMENT,TYPE=S3
	1,	137,	139,	135
	2,	139,	130,	134
	3,	123,	124,	138
	4,	138,	140,	137
	5,	124,	125,	140
	6,	140,	129,	139
	7,	114,	141,	113
	8,	141,	137,	136
	9,	116,	122,	115
	10,	115,	142,	114
	11,	122,	123,	142
	12,	142,	138,	141
	13,	143,	145,	101
	14,	145,	133,	100
	15,	135,	134,	144
	16,	144,	146,	143
	17,	134,	131,	146
	18,	146,	132,	145
	19,	111,	147,	103
	20,	147,	143,	102
	21,	113,	136,	112
	22,	112,	148,	111
	23,	136,	135,	148
	24,	148,	144,	147
	25,	152,	154,	150
	26,	154,	28,	149
	27,	127,	128,	153
	28,	153,	155,	152
	29,	128,	26,	155
	30,	155,	27,	154
	31,	130,	156,	131
	32,	156,	152,	151
	33,	125,	126,	129
	34,	129,	157,	130
	35,	126,	127,	157
	36,	157,	153,	156
	37,	158,	160,	97
	38,	160,	31,	96
	39,	150,	149,	159
	40,	159,	161,	158
	41,	149,	29,	161
	42,	161,	30,	160
	43,	133,	162,	99
	44,	162,	158,	98
	45,	131,	151,	132
	46,	132,	163,	133
	47,	151,	150,	163
	48,	163,	159,	162
	49,	174,	176,	172
	50,	176,	118,	171
	51,	123,	122,	175
	52,	175,	177,	174
	53,	122,	116,	177
	54,	177,	117,	176
	55,	169,	178,	168
	56,	178,	174,	173
	57,	125,	124,	170
	58,	170,	179,	169
	59,	124,	123,	179
	60,	179,	175,	178
	61,	120,	183,	119
	62,	183,	182,	171
	63,	121,	184,	120
	64,	184,	181,	183
	65,	9,	185,	8
	66,	185,	184,	121
	67,	9,	10,	185
	68,	185,	180,	184
	69,	181,	186,	182
	70,	182,	187,	172
	71,	186,	166,	187
	72,	187,	167,	173
	73,	180,	188,	181
	74,	188,	165,	186
	75,	11,	189,	10
	76,	189,	188,	180
	77,	11,	12,	189
	78,	189,	164,	188
	79,	194,	196,	193
	80,	193,	197,	191
	81,	196,	169,	197
	82,	197,	168,	190
	83,	127,	126,	195
	84,	195,	198,	194
	85,	126,	125,	198
	86,	198,	170,	196
	87,	24,	199,	23
	88,	23,	200,	22
	89,	199,	194,	200
	90,	200,	193,	192
	91,	26,	128,	25
	92,	25,	201,	24
	93,	128,	127,	201
	94,	201,	195,	199
	95,	205,	206,	203
	96,	206,	166,	202
	97,	191,	190,	205
	98,	190,	167,	206
	99,	21,	207,	20
	100,	207,	205,	204
	101,	22,	192,	21
	102,	192,	191,	207
	103,	164,	210,	165
	104,	210,	209,	202
	105,	13,	211,	12
	106,	211,	210,	164
	107,	13,	14,	211
	108,	211,	208,	210
	109,	209,	212,	203
	110,	212,	19,	204
	111,	208,	213,	209
	112,	213,	18,	212
	113,	15,	214,	14
	114,	214,	213,	208
	115,	15,	16,	214
	116,	214,	17,	213
	117,	227,	229,	226
	118,	226,	230,	224
	119,	229,	216,	230
	120,	230,	217,	223
	121,	105,	106,	228
	122,	228,	231,	227
	123,	106,	107,	231
	124,	231,	215,	229
	125,	112,	232,	113
	126,	113,	233,	114
	127,	232,	227,	233
	128,	233,	226,	225
	129,	103,	104,	111
	130,	111,	234,	112
	131,	104,	105,	234
	132,	234,	228,	232
	133,	219,	240,	218
	134,	240,	239,	223
	135,	220,	235,	219
	136,	236,	238,	240
	137,	238,	239,	240
	138,	116,	241,	117
	139,	241,	238,	237
	140,	114,	225,	115
	141,	115,	242,	116
	142,	225,	224,	242
	143,	242,	239,	241
	144,	221,	247,	220
	145,	246,	247,	221
	146,	246,	243,	244
	147,	247,	245,	235
	148,	244,	245,	247
	149,	4,	5,	248
	150,	222,	248,	246
	151,	243,	248,	6
	152,	246,	248,	243
	153,	244,	249,	245
	154,	245,	250,	236
	155,	249,	119,	250
	156,	250,	118,	237
	157,	243,	251,	244
	158,	251,	120,	249
	159,	7,	252,	6
	160,	252,	251,	243
	161,	7,	8,	252
	162,	252,	121,	251
	163,	256,	258,	254
	164,	258,	91,	253
	165,	109,	110,	257
	166,	257,	259,	256
	167,	110,	89,	259
	168,	259,	90,	258
	169,	216,	260,	217
	170,	260,	256,	255
	171,	107,	108,	215
	172,	215,	261,	216
	173,	108,	109,	261
	174,	261,	257,	260
	175,	265,	266,	263
	176,	266,	93,	262
	177,	254,	253,	265
	178,	253,	92,	266
	179,	218,	267,	219
	180,	267,	265,	264
	181,	217,	255,	218
	182,	255,	254,	267
	183,	95,	270,	94
	184,	270,	269,	262
	185,	1,	271,	0
	186,	271,	270,	95
	187,	1,	2,	271
	188,	271,	268,	270
	189,	269,	272,	263
	190,	272,	220,	264
	191,	268,	273,	269
	192,	273,	221,	272
	193,	3,	274,	2
	194,	274,	273,	268
	195,	3,	4,	274
	196,	274,	222,	273
	197,	310,	311,	308
	198,	311,	304,	307
	199,	298,	299,	310
	200,	299,	300,	311
	201,	292,	312,	291
	202,	312,	310,	309
	203,	293,	297,	292
	204,	297,	298,	312
	205,	313,	314,	280
	206,	314,	306,	279
	207,	308,	307,	313
	208,	307,	305,	314
	209,	290,	315,	282
	210,	315,	313,	281
	211,	291,	309,	290
	212,	309,	308,	315
	213,	319,	320,	317
	214,	320,	37,	316
	215,	302,	303,	319
	216,	303,	36,	320
	217,	304,	321,	305
	218,	321,	319,	318
	219,	300,	301,	304
	220,	301,	302,	321
	221,	322,	323,	276
	222,	323,	39,	275
	223,	317,	316,	322
	224,	316,	38,	323
	225,	306,	324,	278
	226,	324,	322,	277
	227,	305,	318,	306
	228,	318,	317,	324
	229,	331,	332,	329
	230,	332,	325,	328
	231,	101,	100,	331
	232,	100,	99,	332
	233,	296,	333,	295
	234,	333,	331,	330
	235,	103,	102,	296
	236,	102,	101,	333
	237,	334,	335,	298
	238,	335,	327,	299
	239,	329,	328,	334
	240,	328,	326,	335
	241,	294,	336,	293
	242,	336,	334,	297
	243,	295,	330,	294
	244,	330,	329,	336
	245,	340,	341,	338
	246,	341,	33,	337
	247,	97,	96,	340
	248,	96,	32,	341
	249,	325,	342,	326
	250,	342,	340,	339
	251,	99,	98,	325
	252,	98,	97,	342
	253,	343,	344,	302
	254,	344,	35,	303
	255,	338,	337,	343
	256,	337,	34,	344
	257,	327,	345,	300
	258,	345,	343,	301
	259,	326,	339,	327
	260,	339,	338,	345
	261,	359,	360,	357
	262,	360,	353,	356
	263,	347,	348,	359
	264,	348,	349,	360
	265,	84,	361,	83
	266,	361,	359,	358
	267,	85,	346,	84
	268,	346,	347,	361
	269,	362,	363,	288
	270,	363,	355,	287
	271,	357,	356,	362
	272,	356,	354,	363
	273,	82,	364,	81
	274,	364,	362,	289
	275,	83,	358,	82
	276,	358,	357,	364
	277,	368,	369,	366
	278,	369,	292,	365
	279,	351,	352,	368
	280,	352,	293,	369
	281,	353,	370,	354
	282,	370,	368,	367
	283,	349,	350,	353
	284,	350,	351,	370
	285,	371,	372,	284
	286,	372,	290,	283
	287,	366,	365,	371
	288,	365,	291,	372
	289,	355,	373,	286
	290,	373,	371,	285
	291,	354,	367,	355
	292,	367,	366,	373
	293,	380,	381,	378
	294,	381,	374,	377
	295,	109,	108,	380
	296,	108,	107,	381
	297,	88,	382,	87
	298,	382,	380,	379
	299,	89,	110,	88
	300,	110,	109,	382
	301,	383,	384,	347
	302,	384,	376,	348
	303,	378,	377,	383
	304,	377,	375,	384
	305,	86,	385,	85
	306,	385,	383,	346
	307,	87,	379,	86
	308,	379,	378,	385
	309,	389,	390,	387
	310,	390,	296,	386
	311,	105,	104,	389
	312,	104,	103,	390
	313,	374,	391,	375
	314,	391,	389,	388
	315,	107,	106,	374
	316,	106,	105,	391
	317,	392,	393,	351
	318,	393,	294,	352
	319,	387,	386,	392
	320,	386,	295,	393
	321,	376,	394,	349
	322,	394,	392,	350
	323,	375,	388,	376
	324,	388,	387,	394
	325,	420,	421,	418
	326,	421,	414,	417
	327,	408,	409,	420
	328,	409,	410,	421
	329,	43,	422,	42
	330,	422,	420,	419
	331,	44,	407,	43
	332,	407,	408,	422
	333,	423,	424,	276
	334,	424,	416,	277
	335,	418,	417,	423
	336,	417,	415,	424
	337,	41,	425,	40
	338,	425,	423,	275
	339,	42,	419,	41
	340,	419,	418,	425
	341,	429,	430,	427
	342,	430,	404,	426
	343,	412,	413,	429
	344,	413,	403,	430
	345,	414,	431,	415
	346,	431,	429,	428
	347,	410,	411,	414
	348,	411,	412,	431
	349,	432,	433,	280
	350,	433,	406,	281
	351,	427,	426,	432
	352,	426,	405,	433
	353,	416,	434,	278
	354,	434,	432,	279
	355,	415,	428,	416
	356,	428,	427,	434
	357,	443,	444,	441
	358,	444,	45,	440
	359,	408,	407,	443
	360,	407,	44,	444
	361,	439,	445,	438
	362,	445,	443,	442
	363,	410,	409,	439
	364,	409,	408,	445
	365,	47,	448,	46
	366,	448,	447,	440
	367,	49,	449,	48
	368,	449,	448,	47
	369,	49,	50,	449
	370,	449,	446,	448
	371,	447,	450,	441
	372,	450,	437,	442
	373,	446,	451,	447
	374,	451,	436,	450
	375,	51,	452,	50
	376,	452,	451,	446
	377,	51,	52,	452
	378,	452,	435,	451
	379,	456,	458,	454
	380,	458,	438,	453
	381,	412,	411,	457
	382,	457,	459,	456
	383,	411,	410,	459
	384,	459,	439,	458
	385,	401,	460,	400
	386,	460,	456,	455
	387,	403,	413,	402
	388,	402,	461,	401
	389,	413,	412,	461
	390,	461,	457,	460
	391,	436,	465,	437
	392,	465,	464,	453
	393,	435,	466,	436
	394,	466,	463,	465
	395,	53,	467,	52
	396,	467,	466,	435
	397,	53,	54,	467
	398,	467,	462,	466
	399,	464,	469,	454
	400,	469,	399,	455
	401,	468,	470,	464
	402,	470,	469,	464
	403,	468,	397,	470
	404,	470,	398,	469
	405,	462,	471,	463
	406,	471,	396,	468
	407,	55,	472,	54
	408,	472,	471,	462
	409,	55,	56,	472
	410,	472,	395,	471
	411,	488,	490,	486
	412,	490,	481,	485
	413,	474,	475,	489
	414,	489,	491,	488
	415,	475,	476,	491
	416,	491,	480,	490
	417,	403,	492,	404
	418,	492,	488,	487
	419,	401,	473,	402
	420,	402,	493,	403
	421,	473,	474,	493
	422,	493,	489,	492
	423,	494,	496,	284
	424,	496,	484,	285
	425,	486,	485,	495
	426,	495,	497,	494
	427,	485,	482,	497
	428,	497,	483,	496
	429,	406,	498,	282
	430,	498,	494,	283
	431,	404,	487,	405
	432,	405,	499,	406
	433,	487,	486,	499
	434,	499,	495,	498
	435,	503,	505,	501
	436,	505,	77,	500
	437,	478,	479,	504
	438,	504,	506,	503
	439,	479,	75,	506
	440,	506,	76,	505
	441,	481,	507,	482
	442,	507,	503,	502
	443,	476,	477,	480
	444,	480,	508,	481
	445,	477,	478,	508
	446,	508,	504,	507
	447,	509,	511,	288
	448,	511,	80,	289
	449,	501,	500,	510
	450,	510,	512,	509
	451,	500,	78,	512
	452,	512,	79,	511
	453,	484,	513,	286
	454,	513,	509,	287
	455,	482,	502,	483
	456,	483,	514,	484
	457,	502,	501,	514
	458,	514,	510,	513
	459,	526,	528,	524
	460,	528,	399,	523
	461,	474,	473,	527
	462,	527,	529,	526
	463,	473,	401,	529
	464,	529,	400,	528
	465,	521,	530,	520
	466,	530,	526,	525
	467,	476,	475,	522
	468,	522,	531,	521
	469,	475,	474,	531
	470,	531,	527,	530
	471,	535,	536,	533
	472,	536,	397,	532
	473,	524,	523,	535
	474,	523,	398,	536
	475,	519,	537,	518
	476,	537,	535,	534
	477,	520,	525,	519
	478,	525,	524,	537
	479,	395,	540,	396
	480,	540,	539,	532
	481,	57,	541,	56
	482,	541,	540,	395
	483,	57,	58,	541
	484,	541,	538,	540
	485,	539,	542,	533
	486,	542,	517,	534
	487,	538,	543,	539
	488,	543,	516,	542
	489,	59,	544,	58
	490,	544,	543,	538
	491,	59,	60,	544
	492,	544,	515,	543
	493,	549,	551,	548
	494,	548,	552,	546
	495,	551,	521,	552
	496,	552,	520,	545
	497,	478,	477,	550
	498,	550,	553,	549
	499,	477,	476,	553
	500,	553,	522,	551
	501,	73,	554,	72
	502,	72,	555,	71
	503,	554,	549,	555
	504,	555,	548,	547
	505,	75,	479,	74
	506,	74,	556,	73
	507,	479,	478,	556
	508,	556,	550,	554
	509,	560,	561,	558
	510,	561,	518,	557
	511,	546,	545,	560
	512,	545,	519,	561
	513,	70,	562,	69
	514,	562,	560,	559
	515,	71,	547,	70
	516,	547,	546,	562
	517,	516,	566,	517
	518,	566,	565,	557
	519,	515,	567,	516
	520,	567,	564,	566
	521,	61,	568,	60
	522,	568,	567,	515
	523,	61,	62,	568
	524,	568,	563,	567
	525,	564,	569,	565
	526,	565,	570,	558
	527,	569,	67,	570
	528,	570,	68,	559
	529,	563,	571,	564
	530,	571,	66,	569
	531,	63,	572,	62
	532,	572,	571,	563
	533,	63,	64,	572
	534,	572,	65,	571
	535,	65,	66,	571
	536,	64,	65,	572
	537,	572,	563,	62
	538,	66,	67,	569
	539,	571,	569,	564
	540,	68,	69,	559
	541,	67,	68,	570
	542,	570,	559,	558
	543,	569,	570,	565
	544,	563,	564,	567
	545,	62,	563,	568
	546,	568,	515,	60
	547,	564,	565,	566
	548,	567,	566,	516
	549,	565,	558,	557
	550,	566,	557,	517
	551,	546,	560,	562
	552,	547,	562,	70
	553,	560,	558,	559
	554,	562,	559,	69
	555,	519,	518,	561
	556,	545,	561,	560
	557,	518,	517,	557
	558,	561,	557,	558
	559,	550,	549,	554
	560,	478,	550,	556
	561,	556,	554,	73
	562,	479,	556,	74
	563,	548,	546,	547
	564,	549,	548,	555
	565,	555,	547,	71
	566,	554,	555,	72
	567,	522,	521,	551
	568,	476,	522,	553
	569,	553,	551,	549
	570,	477,	553,	550
	571,	520,	519,	545
	572,	521,	520,	552
	573,	552,	545,	546
	574,	551,	552,	548
	575,	515,	516,	543
	576,	60,	515,	544
	577,	544,	538,	58
	578,	516,	517,	542
	579,	543,	542,	539
	580,	517,	518,	534
	581,	542,	534,	533
	582,	538,	539,	540
	583,	58,	538,	541
	584,	541,	395,	56
	585,	539,	533,	532
	586,	540,	532,	396
	587,	524,	535,	537
	588,	525,	537,	519
	589,	535,	533,	534
	590,	537,	534,	518
	591,	398,	397,	536
	592,	523,	536,	535
	593,	397,	396,	532
	594,	536,	532,	533
	595,	527,	526,	530
	596,	474,	527,	531
	597,	531,	530,	521
	598,	475,	531,	522
	599,	526,	524,	525
	600,	530,	525,	520
	601,	400,	399,	528
	602,	401,	400,	529
	603,	529,	528,	526
	604,	473,	529,	527
	605,	399,	398,	523
	606,	528,	523,	524
	607,	510,	509,	513
	608,	501,	510,	514
	609,	514,	513,	484
	610,	502,	514,	483
	611,	509,	288,	287
	612,	513,	287,	286
	613,	79,	80,	511
	614,	78,	79,	512
	615,	512,	511,	509
	616,	500,	512,	510
	617,	80,	81,	289
	618,	511,	289,	288
	619,	504,	503,	507
	620,	478,	504,	508
	621,	508,	507,	481
	622,	477,	508,	480
	623,	503,	501,	502
	624,	507,	502,	482
	625,	76,	77,	505
	626,	75,	76,	506
	627,	506,	505,	503
	628,	479,	506,	504
	629,	77,	78,	500
	630,	505,	500,	501
	631,	495,	494,	498
	632,	486,	495,	499
	633,	499,	498,	406
	634,	487,	499,	405
	635,	494,	284,	283
	636,	498,	283,	282
	637,	483,	484,	496
	638,	482,	483,	497
	639,	497,	496,	494
	640,	485,	497,	495
	641,	484,	286,	285
	642,	496,	285,	284
	643,	489,	488,	492
	644,	474,	489,	493
	645,	493,	492,	403
	646,	473,	493,	402
	647,	488,	486,	487
	648,	492,	487,	404
	649,	480,	481,	490
	650,	476,	480,	491
	651,	491,	490,	488
	652,	475,	491,	489
	653,	481,	482,	485
	654,	490,	485,	486
	655,	395,	396,	471
	656,	56,	395,	472
	657,	472,	462,	54
	658,	396,	397,	468
	659,	471,	468,	463
	660,	398,	399,	469
	661,	397,	398,	470
	662,	464,	463,	468
	663,	399,	400,	455
	664,	469,	455,	454
	665,	462,	463,	466
	666,	54,	462,	467
	667,	467,	435,	52
	668,	463,	464,	465
	669,	466,	465,	436
	670,	464,	454,	453
	671,	465,	453,	437
	672,	457,	456,	460
	673,	412,	457,	461
	674,	461,	460,	401
	675,	413,	461,	402
	676,	456,	454,	455
	677,	460,	455,	400
	678,	439,	438,	458
	679,	410,	439,	459
	680,	459,	458,	456
	681,	411,	459,	457
	682,	438,	437,	453
	683,	458,	453,	454
	684,	435,	436,	451
	685,	52,	435,	452
	686,	452,	446,	50
	687,	436,	437,	450
	688,	451,	450,	447
	689,	437,	438,	442
	690,	450,	442,	441
	691,	446,	447,	448
	692,	50,	446,	449
	693,	449,	47,	48
	694,	447,	441,	440
	695,	448,	440,	46
	696,	408,	443,	445
	697,	409,	445,	439
	698,	443,	441,	442
	699,	445,	442,	438
	700,	44,	45,	444
	701,	407,	444,	443
	702,	45,	46,	440
	703,	444,	440,	441
	704,	427,	432,	434
	705,	428,	434,	416
	706,	432,	280,	279
	707,	434,	279,	278
	708,	405,	406,	433
	709,	426,	433,	432
	710,	406,	282,	281
	711,	433,	281,	280
	712,	412,	429,	431
	713,	411,	431,	414
	714,	429,	427,	428
	715,	431,	428,	415
	716,	403,	404,	430
	717,	413,	430,	429
	718,	404,	405,	426
	719,	430,	426,	427
	720,	418,	423,	425
	721,	419,	425,	41
	722,	423,	276,	275
	723,	425,	275,	40
	724,	415,	416,	424
	725,	417,	424,	423
	726,	416,	278,	277
	727,	424,	277,	276
	728,	408,	420,	422
	729,	407,	422,	43
	730,	420,	418,	419
	731,	422,	419,	42
	732,	410,	414,	421
	733,	409,	421,	420
	734,	414,	415,	417
	735,	421,	417,	418
	736,	387,	392,	394
	737,	388,	394,	376
	738,	392,	351,	350
	739,	394,	350,	349
	740,	295,	294,	393
	741,	386,	393,	392
	742,	294,	293,	352
	743,	393,	352,	351
	744,	105,	389,	391
	745,	106,	391,	374
	746,	389,	387,	388
	747,	391,	388,	375
	748,	103,	296,	390
	749,	104,	390,	389
	750,	296,	295,	386
	751,	390,	386,	387
	752,	378,	383,	385
	753,	379,	385,	86
	754,	383,	347,	346
	755,	385,	346,	85
	756,	375,	376,	384
	757,	377,	384,	383
	758,	376,	349,	348
	759,	384,	348,	347
	760,	109,	380,	382
	761,	110,	382,	88
	762,	380,	378,	379
	763,	382,	379,	87
	764,	107,	374,	381
	765,	108,	381,	380
	766,	374,	375,	377
	767,	381,	377,	378
	768,	366,	371,	373
	769,	367,	373,	355
	770,	371,	284,	285
	771,	373,	285,	286
	772,	291,	290,	372
	773,	365,	372,	371
	774,	290,	282,	283
	775,	372,	283,	284
	776,	351,	368,	370
	777,	350,	370,	353
	778,	368,	366,	367
	779,	370,	367,	354
	780,	293,	292,	369
	781,	352,	369,	368
	782,	292,	291,	365
	783,	369,	365,	366
	784,	357,	362,	364
	785,	358,	364,	82
	786,	362,	288,	289
	787,	364,	289,	81
	788,	354,	355,	363
	789,	356,	363,	362
	790,	355,	286,	287
	791,	363,	287,	288
	792,	347,	359,	361
	793,	346,	361,	84
	794,	359,	357,	358
	795,	361,	358,	83
	796,	349,	353,	360
	797,	348,	360,	359
	798,	353,	354,	356
	799,	360,	356,	357
	800,	338,	343,	345
	801,	339,	345,	327
	802,	343,	302,	301
	803,	345,	301,	300
	804,	34,	35,	344
	805,	337,	344,	343
	806,	35,	36,	303
	807,	344,	303,	302
	808,	97,	340,	342
	809,	98,	342,	325
	810,	340,	338,	339
	811,	342,	339,	326
	812,	32,	33,	341
	813,	96,	341,	340
	814,	33,	34,	337
	815,	341,	337,	338
	816,	329,	334,	336
	817,	330,	336,	294
	818,	334,	298,	297
	819,	336,	297,	293
	820,	326,	327,	335
	821,	328,	335,	334
	822,	327,	300,	299
	823,	335,	299,	298
	824,	101,	331,	333
	825,	102,	333,	296
	826,	331,	329,	330
	827,	333,	330,	295
	828,	99,	325,	332
	829,	100,	332,	331
	830,	325,	326,	328
	831,	332,	328,	329
	832,	317,	322,	324
	833,	318,	324,	306
	834,	322,	276,	277
	835,	324,	277,	278
	836,	38,	39,	323
	837,	316,	323,	322
	838,	39,	40,	275
	839,	323,	275,	276
	840,	302,	319,	321
	841,	301,	321,	304
	842,	319,	317,	318
	843,	321,	318,	305
	844,	36,	37,	320
	845,	303,	320,	319
	846,	37,	38,	316
	847,	320,	316,	317
	848,	308,	313,	315
	849,	309,	315,	290
	850,	313,	280,	281
	851,	315,	281,	282
	852,	305,	306,	314
	853,	307,	314,	313
	854,	306,	278,	279
	855,	314,	279,	280
	856,	298,	310,	312
	857,	297,	312,	292
	858,	310,	308,	309
	859,	312,	309,	291
	860,	300,	304,	311
	861,	299,	311,	310
	862,	304,	305,	307
	863,	311,	307,	308
	864,	222,	221,	273
	865,	4,	222,	274
	866,	274,	268,	2
	867,	221,	220,	272
	868,	273,	272,	269
	869,	220,	219,	264
	870,	272,	264,	263
	871,	268,	269,	270
	872,	2,	268,	271
	873,	271,	95,	0
	874,	269,	263,	262
	875,	270,	262,	94
	876,	254,	265,	267
	877,	255,	267,	218
	878,	265,	263,	264
	879,	267,	264,	219
	880,	92,	93,	266
	881,	253,	266,	265
	882,	93,	94,	262
	883,	266,	262,	263
	884,	257,	256,	260
	885,	109,	257,	261
	886,	261,	260,	216
	887,	108,	261,	215
	888,	256,	254,	255
	889,	260,	255,	217
	890,	90,	91,	258
	891,	89,	90,	259
	892,	259,	258,	256
	893,	110,	259,	257
	894,	91,	92,	253
	895,	258,	253,	254
	896,	121,	120,	251
	897,	8,	121,	252
	898,	252,	243,	6
	899,	120,	119,	249
	900,	251,	249,	244
	901,	118,	117,	237
	902,	119,	118,	250
	903,	250,	237,	236
	904,	249,	250,	245
	905,	248,	5,	6
	906,	246,	221,	222
	907,	248,	222,	4
	908,	245,	236,	235
	909,	244,	247,	246
	910,	247,	235,	220
	911,	239,	238,	241
	912,	224,	239,	242
	913,	242,	241,	116
	914,	225,	242,	115
	915,	238,	236,	237
	916,	241,	237,	117
	917,	240,	235,	236
	918,	235,	240,	219
	919,	239,	224,	223
	920,	240,	223,	218
	921,	228,	227,	232
	922,	105,	228,	234
	923,	234,	232,	112
	924,	104,	234,	111
	925,	226,	224,	225
	926,	227,	226,	233
	927,	233,	225,	114
	928,	232,	233,	113
	929,	215,	216,	229
	930,	107,	215,	231
	931,	231,	229,	227
	932,	106,	231,	228
	933,	217,	218,	223
	934,	216,	217,	230
	935,	230,	223,	224
	936,	229,	230,	226
	937,	17,	18,	213
	938,	16,	17,	214
	939,	214,	208,	14
	940,	18,	19,	212
	941,	213,	212,	209
	942,	19,	20,	204
	943,	212,	204,	203
	944,	208,	209,	210
	945,	14,	208,	211
	946,	211,	164,	12
	947,	209,	203,	202
	948,	210,	202,	165
	949,	191,	205,	207
	950,	192,	207,	21
	951,	205,	203,	204
	952,	207,	204,	20
	953,	167,	166,	206
	954,	190,	206,	205
	955,	166,	165,	202
	956,	206,	202,	203
	957,	195,	194,	199
	958,	127,	195,	201
	959,	201,	199,	24
	960,	128,	201,	25
	961,	193,	191,	192
	962,	194,	193,	200
	963,	200,	192,	22
	964,	199,	200,	23
	965,	170,	169,	196
	966,	125,	170,	198
	967,	198,	196,	194
	968,	126,	198,	195
	969,	168,	167,	190
	970,	169,	168,	197
	971,	197,	190,	191
	972,	196,	197,	193
	973,	164,	165,	188
	974,	12,	164,	189
	975,	189,	180,	10
	976,	165,	166,	186
	977,	188,	186,	181
	978,	167,	168,	173
	979,	166,	167,	187
	980,	187,	173,	172
	981,	186,	187,	182
	982,	180,	181,	184
	983,	10,	180,	185
	984,	185,	121,	8
	985,	181,	182,	183
	986,	184,	183,	120
	987,	182,	172,	171
	988,	183,	171,	119
	989,	175,	174,	178
	990,	123,	175,	179
	991,	179,	178,	169
	992,	124,	179,	170
	993,	174,	172,	173
	994,	178,	173,	168
	995,	117,	118,	176
	996,	116,	117,	177
	997,	177,	176,	174
	998,	122,	177,	175
	999,	118,	119,	171
	1000,	176,	171,	172
	1001,	159,	158,	162
	1002,	150,	159,	163
	1003,	163,	162,	133
	1004,	151,	163,	132
	1005,	158,	97,	98
	1006,	162,	98,	99
	1007,	30,	31,	160
	1008,	29,	30,	161
	1009,	161,	160,	158
	1010,	149,	161,	159
	1011,	31,	32,	96
	1012,	160,	96,	97
	1013,	153,	152,	156
	1014,	127,	153,	157
	1015,	157,	156,	130
	1016,	126,	157,	129
	1017,	152,	150,	151
	1018,	156,	151,	131
	1019,	27,	28,	154
	1020,	26,	27,	155
	1021,	155,	154,	152
	1022,	128,	155,	153
	1023,	28,	29,	149
	1024,	154,	149,	150
	1025,	144,	143,	147
	1026,	135,	144,	148
	1027,	148,	147,	111
	1028,	136,	148,	112
	1029,	143,	101,	102
	1030,	147,	102,	103
	1031,	132,	133,	145
	1032,	131,	132,	146
	1033,	146,	145,	143
	1034,	134,	146,	144
	1035,	133,	99,	100
	1036,	145,	100,	101
	1037,	138,	137,	141
	1038,	123,	138,	142
	1039,	142,	141,	114
	1040,	122,	142,	115
	1041,	137,	135,	136
	1042,	141,	136,	113
	1043,	129,	130,	139
	1044,	125,	129,	140
	1045,	140,	139,	137
	1046,	124,	140,	138
	1047,	130,	131,	134
	1048,	139,	134,	135
*****