**
**
**Template:  Heat 2D Program
**
*NODE
	0,	0.3,	0
	1,	0.3,	0.01
	2,	0.3,	0.02
	3,	0.3,	0.03
	4,	0.3,	0.04
	5,	0.3,	0.05
	6,	0.3,	0.06
	7,	0.3,	0.07
	8,	0.3,	0.08
	9,	0.3,	0.09
	10,	0.3,	0.1
	11,	0.3,	0.11
	12,	0.3,	0.12
	13,	0.3,	0.13
	14,	0.3,	0.14
	15,	0.3,	0.15
	16,	0.3,	0.16
	17,	0.3,	0.17
	18,	0.3,	0.18
	19,	0.3,	0.19
	20,	0.3,	0.2
	21,	0.3,	0.21
	22,	0.3,	0.22
	23,	0.3,	0.23
	24,	0.3,	0.24
	25,	0.3,	0.25
	26,	0.3,	0.26
	27,	0.3,	0.27
	28,	0.3,	0.28
	29,	0.3,	0.29
	30,	0.3,	0.3
	31,	0.29,	0.3
	32,	0.28,	0.3
	33,	0.27,	0.3
	34,	0.26,	0.3
	35,	0.25,	0.3
	36,	0.24,	0.3
	37,	0.23,	0.3
	38,	0.22,	0.3
	39,	0.21,	0.3
	40,	0.2,	0.3
	41,	0.19,	0.3
	42,	0.18,	0.3
	43,	0.17,	0.3
	44,	0.16,	0.3
	45,	0.15,	0.3
	46,	0.14,	0.3
	47,	0.13,	0.3
	48,	0.12,	0.3
	49,	0.11,	0.3
	50,	0.1,	0.3
	51,	0.09,	0.3
	52,	0.08,	0.3
	53,	0.07,	0.3
	54,	0.06,	0.3
	55,	0.05,	0.3
	56,	0.04,	0.3
	57,	0.03,	0.3
	58,	0.02,	0.3
	59,	0.01,	0.3
	60,	0,	0.3
	61,	0,	0.29
	62,	0,	0.28
	63,	0,	0.27
	64,	0,	0.26
	65,	0,	0.25
	66,	0,	0.24
	67,	0,	0.23
	68,	0,	0.22
	69,	0,	0.21
	70,	0,	0.2
	71,	0,	0.19
	72,	0,	0.18
	73,	0,	0.17
	74,	0,	0.16
	75,	0,	0.15
	76,	0,	0.14
	77,	0,	0.13
	78,	0,	0.12
	79,	0,	0.11
	80,	0,	0.1
	81,	0,	0.09
	82,	0,	0.08
	83,	0,	0.07
	84,	0,	0.06
	85,	0,	0.05
	86,	0,	0.04
	87,	0,	0.03
	88,	0,	0.02
	89,	0,	0.01
	90,	0,	0
	91,	0.01,	0
	92,	0.02,	0
	93,	0.03,	0
	94,	0.04,	0
	95,	0.05,	0
	96,	0.06,	0
	97,	0.07,	0
	98,	0.08,	0
	99,	0.09,	0
	100,	0.1,	0
	101,	0.11,	0
	102,	0.12,	0
	103,	0.13,	0
	104,	0.14,	0
	105,	0.15,	0
	106,	0.16,	0
	107,	0.17,	0
	108,	0.18,	0
	109,	0.19,	0
	110,	0.2,	0
	111,	0.21,	0
	112,	0.22,	0
	113,	0.23,	0
	114,	0.24,	0
	115,	0.25,	0
	116,	0.26,	0
	117,	0.27,	0
	118,	0.28,	0
	119,	0.29,	0
	120,	0.1,	0.1
	121,	0.1,	0.11
	122,	0.1,	0.12
	123,	0.1,	0.13
	124,	0.1,	0.14
	125,	0.1,	0.15
	126,	0.1,	0.16
	127,	0.1,	0.17
	128,	0.1,	0.18
	129,	0.1,	0.19
	130,	0.1,	0.2
	131,	0.11,	0.2
	132,	0.12,	0.2
	133,	0.13,	0.2
	134,	0.14,	0.2
	135,	0.15,	0.2
	136,	0.16,	0.2
	137,	0.17,	0.2
	138,	0.18,	0.2
	139,	0.19,	0.2
	140,	0.2,	0.2
	141,	0.2,	0.19
	142,	0.2,	0.18
	143,	0.2,	0.17
	144,	0.2,	0.16
	145,	0.2,	0.15
	146,	0.2,	0.14
	147,	0.2,	0.13
	148,	0.2,	0.12
	149,	0.2,	0.11
	150,	0.2,	0.1
	151,	0.19,	0.1
	152,	0.18,	0.1
	153,	0.17,	0.1
	154,	0.16,	0.1
	155,	0.15,	0.1
	156,	0.14,	0.1
	157,	0.13,	0.1
	158,	0.12,	0.1
	159,	0.11,	0.1
	160,	0.289373658109,	0.2892358653565
	161,	0.0108493355044,	0.2893377317502
	162,	0.0106282808313,	0.0107646562081
	163,	0.288881538674,	0.01081554367
	164,	0.0133775217872,	0.2777666481676
	165,	0.0135441307482,	0.2666230257705
	166,	0.0125850711874,	0.2544025076519
	167,	0.0128199190659,	0.2414588297319
	168,	0.012911390709,	0.2284200897379
	169,	0.2778180983464,	0.2867747010327
	170,	0.2667164393738,	0.2862342515067
	171,	0.254926520656,	0.2871532161604
	172,	0.2426215653777,	0.2878692032426
	173,	0.2291670940256,	0.2886033401156
	174,	0.0230028555942,	0.2872327284553
	175,	0.0348399302576,	0.2866655248358
	176,	0.046946384687,	0.2881477050841
	177,	0.0596216270728,	0.2905204011009
	178,	0.2873865847861,	0.2772256687103
	179,	0.2873827347718,	0.2655633112861
	180,	0.2891226558686,	0.2532165037978
	181,	0.2915260786109,	0.2402820925875
	182,	0.0221939423154,	0.0132263922137
	183,	0.0333267171529,	0.0137969285205
	184,	0.0451662169476,	0.012987100086
	185,	0.0574503650505,	0.0124888540402
	186,	0.0705372145421,	0.0117285742158
	187,	0.2763593446026,	0.0130880585058
	188,	0.2641219147833,	0.013851645638
	189,	0.2515505460936,	0.0132858277899
	190,	0.240054176381,	0.0104361976725
	191,	0.2860774131484,	0.0224318954892
	192,	0.2857210806958,	0.0334373917299
	193,	0.2873455304074,	0.0451049820588
	194,	0.2883242857883,	0.05759236641
	195,	0.2889840146089,	0.0711082227857
	196,	0.0126219812656,	0.0227743159178
	197,	0.0126249094229,	0.0344341414745
	198,	0.0108809941312,	0.0467950770513
	199,	0.0084870900827,	0.059773918309
	200,	0.0834374751595,	0.0125120854159
	201,	0.0948520479575,	0.0116168976856
	202,	0.105601911852,	0.0180623242042
	203,	0.117213049626,	0.015535888311
	204,	0.1292375146244,	0.0109085051269
	205,	0.1409424522137,	0.0146754970511
	206,	0.1543051221434,	0.0124523482958
	207,	0.1662472996151,	0.0129376762526
	208,	0.1781392408276,	0.0129320389309
	209,	0.1910083832498,	0.0121231831609
	210,	0.2041568314508,	0.0130727629803
	211,	0.2165169525472,	0.0134176579332
	212,	0.2287075463581,	0.0133203909708
	213,	0.0141580773508,	0.2158512098458
	214,	0.0117940719846,	0.2053540338165
	215,	0.0139643320449,	0.1950577017321
	216,	0.0135644974029,	0.1828057210038
	217,	0.0126690688792,	0.1694097323838
	218,	0.0135517739639,	0.1560123000305
	219,	0.0138359846528,	0.1437124663315
	220,	0.013320822415,	0.1320615624112
	221,	0.0124584827081,	0.1201665427668
	222,	0.0093666229588,	0.109069926242
	223,	0.0121250646485,	0.097346061022
	224,	0.0122918411567,	0.0849982159752
	225,	0.0129734922407,	0.0716981323739
	226,	0.2157010763938,	0.2872299051339
	227,	0.2036061117795,	0.2865479245022
	228,	0.1920902150413,	0.2868542404944
	229,	0.1801137956251,	0.2877146601374
	230,	0.1689710802749,	0.2905299273744
	231,	0.1571306088528,	0.2876197257015
	232,	0.1445565188975,	0.2864690591093
	233,	0.1316792207249,	0.2847548837969
	234,	0.1194401245626,	0.2842571991112
	235,	0.1086506078401,	0.2880682490399
	236,	0.0968176203028,	0.2850608957627
	237,	0.0843058916451,	0.2854347326744
	238,	0.0712832073905,	0.2856569375166
	239,	0.2875183221317,	0.0844621499822
	240,	0.2862716087451,	0.0968959478283
	241,	0.2869107613514,	0.1078503829998
	242,	0.2901166354182,	0.1178249295575
	243,	0.2886324519179,	0.1297823288646
	244,	0.2870494063805,	0.1420777561973
	245,	0.2863383603569,	0.1542385860686
	246,	0.2851673790888,	0.1666801140663
	247,	0.2901282134178,	0.1773642032608
	248,	0.2893810134165,	0.1900437163679
	249,	0.2880294233095,	0.2028307093436
	250,	0.2878304522177,	0.2152150686072
	251,	0.2870878885362,	0.2284686069191
	252,	0.0887386951587,	0.1153434812077
	253,	0.087813252405,	0.1256332379696
	254,	0.0875249369568,	0.1368968762073
	255,	0.0880732836742,	0.1494523475648
	256,	0.090649826149,	0.1058844168004
	257,	0.0870883625348,	0.1620017124678
	258,	0.0868334180427,	0.1737730403769
	259,	0.0868644138118,	0.1852460452804
	260,	0.0873286340342,	0.1968115765392
	261,	0.1021542729752,	0.2105898749661
	262,	0.114168990858,	0.2102555816448
	263,	0.1260861959289,	0.2116848658616
	264,	0.1368115927118,	0.2134108186924
	265,	0.1485015962416,	0.2132652100242
	266,	0.1609960334714,	0.2126431489438
	267,	0.0894004329843,	0.2088210762916
	268,	0.1735353442575,	0.2133706668236
	269,	0.185185932296,	0.2129149417651
	270,	0.1965816082822,	0.2117890540216
	271,	0.2092718992258,	0.1968085180059
	272,	0.2109569940358,	0.1846769658115
	273,	0.2127017672999,	0.1738245625192
	274,	0.2126865445028,	0.1620631331508
	275,	0.2121076398226,	0.1494026186978
	276,	0.2079087074774,	0.2091371137702
	277,	0.2129283934511,	0.1369102262967
	278,	0.2126448188365,	0.1255134641977
	279,	0.2117042576612,	0.1145077056083
	280,	0.2101495930324,	0.1033571650426
	281,	0.1959157581092,	0.0900678587091
	282,	0.1852442023038,	0.0900412068463
	283,	0.1746327104478,	0.0903638089046
	284,	0.1635048305327,	0.0888361109268
	285,	0.1532051570901,	0.0873675440807
	286,	0.1415683829006,	0.0876936410179
	287,	0.128684319504,	0.0882514321634
	288,	0.2069022286376,	0.0916033234396
	289,	0.1157625280285,	0.0870081691831
	290,	0.1038714054486,	0.086365940079
	291,	0.0930431055468,	0.0878879915798
	292,	0.0862679423925,	0.0974350868846
	293,	0.0794855975796,	0.1073988567297
	294,	0.0766885269018,	0.1180192857024
	295,	0.0757048758933,	0.1295912366362
	296,	0.2712464002913,	0.0262697159374
	297,	0.0755617533598,	0.1417734614295
	298,	0.274051681889,	0.039458843473
	299,	0.0252713677648,	0.0271675254295
	300,	0.0752097641177,	0.1540543838902
	301,	0.0745258778876,	0.1665810398243
	302,	0.0387475312103,	0.0255217752153
	303,	0.0742984635073,	0.1791007493177
	304,	0.0274982619861,	0.2743346379588
	305,	0.0746940504564,	0.1917886849842
	306,	0.0245427232983,	0.2611139173635
	307,	0.0763884403098,	0.2050022211536
	308,	0.2747728956288,	0.2728263662513
	309,	0.2181551058112,	0.1919237542542
	310,	0.2614222330714,	0.2745472246583
	311,	0.2241148063721,	0.1811606265609
	312,	0.2485039866484,	0.2759795276465
	313,	0.218151003935,	0.2040930075447
	314,	0.2354071463054,	0.2771730856244
	315,	0.2245080185201,	0.1679558499097
	316,	0.2218607554801,	0.2766714613587
	317,	0.2246669948977,	0.1551031701422
	318,	0.208037102369,	0.2743640101108
	319,	0.2252423304647,	0.1426480639792
	320,	0.2770604701086,	0.0519541125064
	321,	0.2254184625642,	0.1305632779942
	322,	0.2240556015846,	0.1188558568896
	323,	0.2780682741408,	0.0654055251219
	324,	0.2213349887798,	0.1070041734768
	325,	0.2769333455638,	0.0781527038411
	326,	0.2270157045587,	0.1956293865294
	327,	0.2753259427394,	0.0919820986662
	328,	0.2175587933112,	0.0947956068376
	329,	0.0518905332062,	0.0244254565442
	330,	0.1193772629557,	0.2199754411689
	331,	0.0651414664835,	0.0238116654182
	332,	0.1300222883992,	0.225914463002
	333,	0.1075539882052,	0.2209182210825
	334,	0.0784164891448,	0.023990682091
	335,	0.0921928965553,	0.02370638794
	336,	0.094375403922,	0.2207052539137
	337,	0.0234643718272,	0.2470776527665
	338,	0.1433396148666,	0.2256445119294
	339,	0.025853415422,	0.2332849277104
	340,	0.1560413844582,	0.2260000221576
	341,	0.0271954904764,	0.2202770328965
	342,	0.1683563057734,	0.2262331521295
	343,	0.0258998976829,	0.2056111870392
	344,	0.1807595602637,	0.2258282337118
	345,	0.1931576879546,	0.2240021775353
	346,	0.277910961757,	0.2581040032961
	347,	0.0802175484594,	0.2187191742903
	348,	0.2664164034784,	0.2618012973189
	349,	0.2055963965855,	0.2210397899749
	350,	0.25404444174,	0.263683585772
	351,	0.2176186822645,	0.2165453209616
	352,	0.2814662903467,	0.2435841208285
	353,	0.2278153241353,	0.2097934238455
	354,	0.2749525015732,	0.2341303168972
	355,	0.2415620715408,	0.2652706481947
	356,	0.1159825645226,	0.2307142447542
	357,	0.2287170694133,	0.2665161944131
	358,	0.1022973312173,	0.232244340639
	359,	0.2144263015564,	0.2648303067202
	360,	0.0876551022698,	0.2317302160254
	361,	0.270331030259,	0.2479813667324
	362,	0.1693614624171,	0.0808770482758
	363,	0.1594296725564,	0.0750128162865
	364,	0.2765920238872,	0.2204594757799
	365,	0.1796478248218,	0.0801498172974
	366,	0.2763132629889,	0.207746910358
	367,	0.1906566551704,	0.0799476930933
	368,	0.2779152141147,	0.1943129092214
	369,	0.279681051567,	0.1807020332305
	370,	0.2020380144856,	0.0804942152029
	371,	0.2585896232025,	0.2508654540116
	372,	0.1468849952825,	0.0759361235046
	373,	0.2627606106466,	0.2381576356839
	374,	0.1338845457472,	0.0762441409092
	375,	0.2467150240904,	0.2526203350991
	376,	0.1212349363655,	0.0752288922598
	377,	0.1084225501719,	0.0739456439602
	378,	0.2347930441963,	0.2546130862181
	379,	0.0953300409243,	0.0732819006119
	380,	0.2505676472544,	0.239572576568
	381,	0.0851454377613,	0.07956229461
	382,	0.2383118656358,	0.2421015022576
	383,	0.2238837981924,	0.0853754680162
	384,	0.2666703394245,	0.2262064317559
	385,	0.1717628420977,	0.0705479585409
	386,	0.2640750167941,	0.2138200164338
	387,	0.2666164745541,	0.1993979229137
	388,	0.1841124913833,	0.06977435172
	389,	0.2229634598407,	0.2568344188232
	390,	0.1963655227055,	0.0697479890989
	391,	0.2251249829432,	0.2460542424996
	392,	0.208585843689,	0.0703516646322
	393,	0.2682904853346,	0.1854021722641
	394,	0.0799959452495,	0.088920400105
	395,	0.0727133033068,	0.098476828178
	396,	0.2554618492799,	0.2271416604018
	397,	0.06704345897,	0.1081342253397
	398,	0.064623906538,	0.1203030706978
	399,	0.2417387621792,	0.2287195780177
	400,	0.0634794839396,	0.1328455160006
	401,	0.22804528327,	0.2345007579943
	402,	0.0629267710654,	0.1454951193628
	403,	0.2507837630518,	0.2168089598831
	404,	0.062543092727,	0.1584462607447
	405,	0.2557523576022,	0.2036820840664
	406,	0.2570060333259,	0.1900005083608
	407,	0.0621161974931,	0.171631033295
	408,	0.2384304079395,	0.2156765185352
	409,	0.0621614541508,	0.1850899789256
	410,	0.2454526797843,	0.2065087007149
	411,	0.2460343270248,	0.1943194037103
	412,	0.0632844780067,	0.1990502761676
	413,	0.0221071270931,	0.0418847997465
	414,	0.0661428350386,	0.2137910159241
	415,	0.0336764032662,	0.0381485413722
	416,	0.0463722434724,	0.0364354287883
	417,	0.0714494589952,	0.2295717372963
	418,	0.0185294449542,	0.056461846258
	419,	0.2355703698569,	0.1874754751887
	420,	0.2356892104386,	0.1744426399225
	421,	0.0249413308193,	0.0661140941728
	422,	0.2365461219822,	0.1613410615052
	423,	0.0594623770942,	0.0355958923214
	424,	0.2374854888348,	0.148310864557
	425,	0.2385344379888,	0.1352299531708
	426,	0.072931053614,	0.0356007442676
	427,	0.2372893439565,	0.1229447353402
	428,	0.0868394021256,	0.0356580120081
	429,	0.2334043468618,	0.1104829334706
	430,	0.0296399569305,	0.0520212774591
	431,	0.2288160446243,	0.0979036970141
	432,	0.0235555171881,	0.0802106471507
	433,	0.2350885395539,	0.0873277402776
	434,	0.0238037069378,	0.0933958084402
	435,	0.2362335856912,	0.2014574691829
	436,	0.0215151884035,	0.1079651783687
	437,	0.024456079253,	0.1228527720189
	438,	0.2301464066292,	0.0757014601957
	439,	0.220370452575,	0.0718523679907
	440,	0.0414143723949,	0.0489536692726
	441,	0.2168905444906,	0.060032174269
	442,	0.203341288697,	0.0592601994857
	443,	0.0368892313006,	0.0620266581508
	444,	0.1902125938494,	0.0591476836938
	445,	0.1772214190944,	0.0596232828288
	446,	0.0538181049349,	0.047540596877
	447,	0.1641912069286,	0.0611542116255
	448,	0.1526050055908,	0.0639485635769
	449,	0.0669349709681,	0.0470081955844
	450,	0.1393981578656,	0.0650199477928
	451,	0.0484678850646,	0.0601840540235
	452,	0.1266393312591,	0.063126921464
	453,	0.114141886676,	0.061471798098
	454,	0.0608354935135,	0.0586419822841
	455,	0.1013968946051,	0.0606356093374
	456,	0.0330338455609,	0.0743782229873
	457,	0.0883134845546,	0.0596259533227
	458,	0.0363216231892,	0.0873806624146
	459,	0.0810418831347,	0.0691447518494
	460,	0.0338755522888,	0.1013713755814
	461,	0.0733247682472,	0.0789321661061
	462,	0.0685152446563,	0.0890621881607
	463,	0.0807353343372,	0.0474072805937
	464,	0.0587671830073,	0.0961736738093
	465,	0.0741982104131,	0.0582917766304
	466,	0.0552147199984,	0.1093978910208
	467,	0.0324426341481,	0.1143118930964
	468,	0.0522356761138,	0.123039509639
	469,	0.043519829804,	0.0738821042815
	470,	0.0507967825852,	0.1361922104029
	471,	0.0549293400255,	0.0712402827464
	472,	0.0505138010223,	0.1498234615689
	473,	0.0673588546006,	0.0692734476253
	474,	0.050134117949,	0.163464370653
	475,	0.0495274492168,	0.0853089532509
	476,	0.0499141082552,	0.1773073523914
	477,	0.0460487106108,	0.0983255356687
	478,	0.0435184378081,	0.1123671499562
	479,	0.0503011381985,	0.1915613985735
	480,	0.0609251331567,	0.08162754498
	481,	0.051900070358,	0.2061203748379
	482,	0.0388028556882,	0.1269178481167
	483,	0.0265926128382,	0.1354944525175
	484,	0.038662909926,	0.1414845271477
	485,	0.0263454107771,	0.1488490308855
	486,	0.0382088968514,	0.1555555503418
	487,	0.0945689297917,	0.0473930003773
	488,	0.1012382101146,	0.0338559558572
	489,	0.1078315618834,	0.0470842069492
	490,	0.0378238584615,	0.1694874595284
	491,	0.0256293500421,	0.1624526729749
	492,	0.0255624359316,	0.1761723341698
	493,	0.0261955330059,	0.1905421352141
	494,	0.0379148849251,	0.1837377229608
	495,	0.0383837445929,	0.198544514656
	496,	0.0398186474069,	0.2131657632087
	497,	0.0548146657385,	0.2207672945702
	498,	0.1150878147833,	0.0323471065847
	499,	0.1279252290388,	0.0243565269183
	500,	0.1202709317135,	0.0485133363164
	501,	0.1288459506317,	0.0383603662137
	502,	0.1330449510624,	0.0520290260478
	503,	0.1452540672674,	0.0547043122212
	504,	0.1425210909013,	0.0430078912713
	505,	0.1395881532105,	0.029921567211
	506,	0.1495428600416,	0.0237227805341
	507,	0.1526747340314,	0.0360113797977
	508,	0.1566665442916,	0.049352982265
	509,	0.1703991042331,	0.0491581822005
	510,	0.1838615924405,	0.0483757294881
	511,	0.1651901559949,	0.0376398781612
	512,	0.1608152544712,	0.0250174541214
	513,	0.178117780969,	0.0371863996384
	514,	0.1726461964724,	0.0253894116294
	515,	0.1851332192253,	0.024768032581
	516,	0.1911414464966,	0.0366968495411
	517,	0.1971959745996,	0.0481603744772
	518,	0.2108310569318,	0.0485324646367
	519,	0.2044580599015,	0.0368804839584
	520,	0.1979234729283,	0.0247533171412
	521,	0.2112917922201,	0.0254631244532
	522,	0.2182986001838,	0.037357969287
	523,	0.2251165854159,	0.0255221627719
	524,	0.2400404263908,	0.0239979028151
	525,	0.0412886615558,	0.2275633572831
	526,	0.0357185080006,	0.2411628507302
	527,	0.0475007631235,	0.2405063090707
	528,	0.0333476055647,	0.2534209438644
	529,	0.0450570141088,	0.253213948933
	530,	0.03814456057,	0.264794922759
	531,	0.0427548989379,	0.2757957371247
	532,	0.0560927258577,	0.2789707082648
	533,	0.0651630176083,	0.2724705137923
	534,	0.0775018095801,	0.2722362338287
	535,	0.0909605096336,	0.2716171991152
	536,	0.1063359445312,	0.2725059947137
	537,	0.1218949176114,	0.2698136083809
	538,	0.0531278933167,	0.2646585830353
	539,	0.2555144176343,	0.02528842552
	540,	0.2604481177746,	0.03682094572
	541,	0.2642079058224,	0.0488090123031
	542,	0.26823681486,	0.0596772174089
	543,	0.2657270394988,	0.0711948929176
	544,	0.2652993265863,	0.0836471732181
	545,	0.057867806359,	0.2344413093387
	546,	0.0576280309277,	0.2499624447106
	547,	0.0674545495374,	0.2598502906042
	548,	0.0809040346406,	0.2582406568706
	549,	0.0701180349462,	0.2450696799795
	550,	0.0836440224257,	0.2440826190701
	551,	0.0950315133432,	0.2583409893633
	552,	0.0981663757569,	0.244812869489
	553,	0.1116741277133,	0.2435279231219
	554,	0.1245202340044,	0.2393265778176
	555,	0.137763729581,	0.2372532422776
	556,	0.1506654539217,	0.2385611615705
	557,	0.1637504809542,	0.2396186235062
	558,	0.1090792628505,	0.2580566044512
	559,	0.176750686216,	0.239236979863
	560,	0.1898404879042,	0.2367326448007
	561,	0.1214159188521,	0.2542555956264
	562,	0.1323305407319,	0.2485222978323
	563,	0.1338174971255,	0.2611791114102
	564,	0.1380588831915,	0.2735660950494
	565,	0.1529878448888,	0.2754964360727
	566,	0.1677280232593,	0.2780572759206
	567,	0.1825123196622,	0.2760399500715
	568,	0.1953125293463,	0.2736337484972
	569,	0.1998887018045,	0.2603755114982
	570,	0.2116027065464,	0.2523770370946
	571,	0.2139017274025,	0.2401224790638
	572,	0.1479662273066,	0.2631603318434
	573,	0.144100129868,	0.25045568341
	574,	0.1574932550572,	0.2517989624181
	575,	0.1617949836625,	0.264627788756
	576,	0.1739145162396,	0.2665996037353
	577,	0.1856798874918,	0.2625978771259
	578,	0.1722727414115,	0.252926586797
	579,	0.1871345314255,	0.2500421996044
	580,	0.2003093451944,	0.246047183356
	581,	0.2029112516035,	0.2331584440706
	582,	0.2162059379177,	0.2283973454091
	583,	0.2467603570483,	0.181440373496
	584,	0.2586811982978,	0.176462599861
	585,	0.2712577108752,	0.1715626699104
	586,	0.2732884603618,	0.1586566143136
	587,	0.2742923280529,	0.1455767545293
	588,	0.2759668527699,	0.1325728054516
	589,	0.2788185239756,	0.1194885922992
	590,	0.273253889734,	0.107191277163
	591,	0.2640139368407,	0.098353005795
	592,	0.2478477860466,	0.1684048325263
	593,	0.2603798521613,	0.163213434046
	594,	0.2491173312532,	0.1551188563702
	595,	0.250341748833,	0.141299204561
	596,	0.261719698026,	0.1498321327619
	597,	0.2629279471457,	0.1359297522911
	598,	0.2662571745227,	0.1221974218962
	599,	0.2517224383834,	0.1264480387347
	600,	0.2461230873927,	0.1132231039972
	601,	0.2591181434577,	0.1121298438649
	602,	0.2517894700494,	0.1008287512896
	603,	0.2404025881879,	0.100068739651
	604,	0.2558808026359,	0.0886386129441
	605,	0.2530829368208,	0.0747014877404
	606,	0.2457295118794,	0.0872166547654
	607,	0.2404967902624,	0.0741509710094
	608,	0.2567426978667,	0.0611376045009
	609,	0.251388940354,	0.0487694281705
	610,	0.2461281124013,	0.0365387525143
	611,	0.2323507002632,	0.0369371457543
	612,	0.2381852838115,	0.0494585042645
	613,	0.2445612719936,	0.0617894992977
	614,	0.2247992867759,	0.0493169879597
	615,	0.2309034714717,	0.0621576268092
	616,	0.2132780105228,	0.0821404833954
	617,	0.2287843468711,	0.2228484179042
*ELEMENT,TYPE=S3
	1048,	541,	542,	608
	1047,	541,	608,	609
	1046,	608,	543,	605
	1045,	542,	543,	608
	1044,	605,	606,	607
	1043,	607,	433,	438
	1042,	606,	433,	607
	1041,	605,	604,	606
	1040,	606,	603,	433
	1039,	606,	602,	603
	1038,	604,	602,	606
	1037,	605,	544,	604
	1036,	543,	544,	605
	1035,	604,	591,	602
	1034,	544,	591,	604
	1033,	603,	431,	433
	1032,	602,	600,	603
	1031,	603,	429,	431
	1030,	600,	429,	603
	1029,	602,	601,	600
	1028,	591,	601,	602
	1027,	591,	590,	601
	1026,	590,	598,	601
	1025,	601,	599,	600
	1024,	598,	599,	601
	1023,	600,	427,	429
	1022,	599,	427,	600
	1021,	599,	425,	427
	1020,	599,	595,	425
	1019,	599,	597,	595
	1018,	598,	597,	599
	1017,	590,	589,	598
	1016,	598,	588,	597
	1015,	589,	588,	598
	1014,	597,	596,	595
	1013,	597,	587,	596
	1012,	588,	587,	597
	1011,	596,	594,	595
	1010,	596,	593,	594
	1009,	596,	586,	593
	1008,	587,	586,	596
	1007,	595,	424,	425
	1006,	594,	424,	595
	1005,	594,	422,	424
	1004,	594,	592,	422
	1003,	593,	592,	594
	1002,	586,	585,	593
	1001,	593,	584,	592
	1000,	585,	584,	593
	999,	592,	420,	422
	998,	592,	583,	420
	997,	584,	583,	592
	996,	591,	327,	590
	995,	544,	327,	591
	994,	590,	241,	589
	993,	240,	241,	590
	992,	241,	242,	589
	991,	589,	243,	588
	990,	242,	243,	589
	989,	588,	244,	587
	988,	243,	244,	588
	987,	587,	245,	586
	986,	244,	245,	587
	985,	586,	246,	585
	984,	245,	246,	586
	983,	246,	369,	585
	982,	585,	393,	584
	981,	369,	393,	585
	980,	584,	406,	583
	979,	393,	406,	584
	978,	406,	411,	583
	977,	583,	419,	420
	976,	411,	419,	583
	975,	411,	435,	419
	974,	411,	410,	435
	973,	410,	408,	435
	972,	408,	353,	435
	971,	617,	582,	351
	970,	353,	617,	351
	969,	408,	617,	353
	968,	401,	571,	582
	967,	582,	349,	351
	966,	582,	581,	349
	965,	571,	581,	582
	964,	571,	580,	581
	963,	581,	345,	349
	962,	581,	560,	345
	961,	580,	560,	581
	960,	571,	570,	580
	959,	580,	579,	560
	958,	580,	569,	579
	957,	570,	569,	580
	956,	569,	577,	579
	955,	579,	559,	560
	954,	579,	578,	559
	953,	577,	578,	579
	952,	577,	576,	578
	951,	578,	557,	559
	950,	578,	575,	574
	949,	576,	575,	578
	948,	569,	568,	577
	947,	577,	567,	576
	946,	568,	567,	577
	945,	576,	566,	575
	944,	567,	566,	576
	943,	566,	565,	575
	942,	575,	572,	574
	941,	565,	572,	575
	940,	572,	573,	574
	939,	574,	557,	578
	938,	574,	556,	557
	937,	573,	556,	574
	936,	573,	555,	556
	935,	573,	562,	555
	934,	573,	563,	562
	933,	572,	563,	573
	932,	572,	564,	563
	931,	565,	564,	572
	930,	401,	391,	571
	929,	391,	389,	570
	928,	391,	570,	571
	927,	570,	359,	569
	926,	389,	359,	570
	925,	569,	318,	568
	924,	359,	318,	569
	923,	568,	228,	567
	922,	227,	228,	568
	921,	228,	229,	567
	920,	229,	230,	566
	919,	229,	566,	567
	918,	566,	231,	565
	917,	230,	231,	566
	916,	565,	232,	564
	915,	231,	232,	565
	914,	564,	537,	563
	913,	232,	233,	564
	912,	233,	537,	564
	911,	563,	561,	562
	910,	537,	561,	563
	909,	562,	554,	555
	908,	561,	554,	562
	907,	537,	558,	561
	906,	561,	553,	554
	905,	558,	553,	561
	904,	560,	344,	345
	903,	559,	344,	560
	902,	559,	342,	344
	901,	557,	342,	559
	900,	537,	536,	558
	899,	536,	551,	558
	898,	558,	552,	553
	897,	551,	552,	558
	896,	557,	340,	342
	895,	556,	340,	557
	894,	556,	338,	340
	893,	555,	338,	556
	892,	555,	332,	338
	891,	554,	332,	555
	890,	554,	356,	332
	889,	553,	356,	554
	888,	553,	358,	356
	887,	552,	358,	553
	886,	551,	550,	552
	885,	552,	360,	358
	884,	550,	360,	552
	883,	536,	535,	551
	882,	551,	548,	550
	881,	535,	548,	551
	880,	550,	417,	360
	879,	548,	549,	550
	878,	548,	547,	549
	877,	547,	546,	549
	876,	546,	545,	549
	875,	549,	417,	550
	874,	545,	417,	549
	873,	535,	534,	548
	872,	534,	533,	547
	871,	534,	547,	548
	870,	547,	538,	546
	869,	533,	538,	547
	868,	538,	529,	546
	867,	546,	527,	545
	866,	529,	527,	546
	865,	544,	325,	327
	864,	543,	325,	544
	863,	543,	323,	325
	862,	542,	323,	543
	861,	542,	320,	323
	860,	541,	320,	542
	859,	541,	298,	320
	858,	540,	298,	541
	857,	540,	296,	298
	856,	539,	296,	540
	855,	539,	188,	296
	854,	539,	189,	188
	853,	524,	189,	539
	852,	538,	530,	529
	851,	533,	532,	538
	850,	538,	531,	530
	849,	532,	531,	538
	848,	233,	234,	537
	847,	234,	235,	536
	846,	234,	536,	537
	845,	536,	236,	535
	844,	235,	236,	536
	843,	535,	237,	534
	842,	236,	237,	535
	841,	534,	238,	533
	840,	237,	238,	534
	839,	238,	177,	532
	838,	238,	532,	533
	837,	532,	176,	531
	836,	177,	176,	532
	835,	176,	175,	531
	834,	531,	304,	530
	833,	175,	304,	531
	832,	530,	528,	529
	831,	530,	306,	528
	830,	304,	306,	530
	829,	529,	526,	527
	828,	528,	526,	529
	827,	528,	337,	526
	826,	306,	337,	528
	825,	527,	525,	545
	824,	526,	525,	527
	823,	545,	497,	417
	822,	525,	497,	545
	821,	526,	339,	525
	820,	337,	339,	526
	819,	339,	341,	525
	818,	525,	496,	497
	817,	341,	496,	525
	816,	524,	190,	189
	815,	524,	212,	190
	814,	523,	212,	524
	813,	523,	211,	212
	812,	522,	521,	523
	811,	522,	519,	521
	810,	518,	519,	522
	809,	521,	211,	523
	808,	519,	520,	521
	807,	521,	210,	211
	806,	520,	210,	521
	805,	520,	209,	210
	804,	520,	516,	515
	803,	519,	516,	520
	802,	519,	517,	516
	801,	518,	517,	519
	800,	518,	442,	517
	799,	441,	442,	518
	798,	517,	510,	516
	797,	517,	444,	510
	796,	442,	444,	517
	795,	510,	513,	516
	794,	513,	514,	515
	793,	513,	515,	516
	792,	515,	209,	520
	791,	515,	208,	209
	790,	514,	208,	515
	789,	514,	207,	208
	788,	514,	512,	207
	787,	514,	511,	512
	786,	513,	511,	514
	785,	513,	509,	511
	784,	510,	509,	513
	783,	512,	206,	207
	782,	512,	507,	506
	781,	511,	507,	512
	780,	511,	508,	507
	779,	509,	508,	511
	778,	510,	445,	509
	777,	444,	445,	510
	776,	509,	447,	508
	775,	445,	447,	509
	774,	447,	448,	508
	773,	448,	503,	508
	772,	508,	504,	507
	771,	503,	504,	508
	770,	507,	505,	506
	769,	504,	505,	507
	768,	506,	206,	512
	767,	506,	205,	206
	766,	505,	205,	506
	765,	505,	499,	205
	764,	505,	501,	499
	763,	504,	501,	505
	762,	504,	502,	501
	761,	503,	502,	504
	760,	503,	450,	502
	759,	448,	450,	503
	758,	502,	500,	501
	757,	502,	452,	500
	756,	450,	452,	502
	755,	501,	498,	499
	754,	500,	498,	501
	753,	500,	489,	498
	752,	500,	453,	489
	751,	452,	453,	500
	750,	499,	204,	205
	749,	499,	203,	204
	748,	498,	203,	499
	747,	498,	202,	203
	746,	498,	488,	202
	745,	489,	488,	498
	744,	497,	414,	417
	743,	497,	481,	414
	742,	496,	481,	497
	741,	341,	343,	496
	740,	496,	495,	481
	739,	343,	495,	496
	738,	495,	479,	481
	737,	495,	494,	479
	736,	495,	493,	494
	735,	343,	493,	495
	734,	493,	492,	494
	733,	494,	476,	479
	732,	494,	490,	476
	731,	492,	490,	494
	730,	343,	215,	493
	729,	493,	216,	492
	728,	215,	216,	493
	727,	216,	217,	492
	726,	492,	491,	490
	725,	217,	491,	492
	724,	217,	218,	491
	723,	218,	485,	491
	722,	491,	486,	490
	721,	485,	486,	491
	720,	490,	474,	476
	719,	486,	474,	490
	718,	489,	487,	488
	717,	489,	455,	487
	716,	453,	455,	489
	715,	488,	335,	202
	714,	488,	428,	335
	713,	487,	428,	488
	712,	455,	457,	487
	711,	487,	463,	428
	710,	457,	463,	487
	709,	486,	472,	474
	708,	486,	484,	472
	707,	485,	484,	486
	706,	218,	219,	485
	705,	485,	483,	484
	704,	219,	483,	485
	703,	484,	470,	472
	702,	484,	482,	470
	701,	483,	482,	484
	700,	219,	220,	483
	699,	483,	437,	482
	698,	220,	437,	483
	697,	437,	467,	482
	696,	482,	468,	470
	695,	482,	478,	468
	694,	467,	478,	482
	693,	457,	465,	463
	692,	457,	459,	465
	691,	459,	473,	465
	690,	481,	412,	414
	689,	459,	461,	473
	688,	461,	480,	473
	687,	461,	462,	480
	686,	478,	466,	468
	685,	478,	477,	466
	684,	477,	464,	466
	683,	462,	464,	480
	682,	464,	475,	480
	681,	477,	475,	464
	680,	479,	412,	481
	679,	480,	471,	473
	678,	479,	409,	412
	677,	475,	471,	480
	676,	476,	409,	479
	675,	478,	460,	477
	674,	467,	460,	478
	673,	476,	407,	409
	672,	477,	458,	475
	671,	460,	458,	477
	670,	474,	407,	476
	669,	475,	469,	471
	668,	474,	404,	407
	667,	458,	469,	475
	666,	472,	404,	474
	665,	473,	454,	465
	664,	472,	402,	404
	663,	471,	454,	473
	662,	470,	402,	472
	661,	471,	451,	454
	660,	469,	451,	471
	659,	470,	400,	402
	658,	458,	456,	469
	657,	468,	400,	470
	656,	469,	443,	451
	655,	468,	398,	400
	654,	456,	443,	469
	653,	466,	398,	468
	652,	467,	436,	460
	651,	466,	397,	398
	650,	437,	436,	467
	649,	464,	397,	466
	648,	465,	449,	463
	647,	464,	395,	397
	646,	454,	449,	465
	645,	462,	395,	464
	644,	463,	426,	428
	643,	462,	394,	395
	642,	449,	426,	463
	641,	461,	394,	462
	640,	460,	434,	458
	639,	461,	381,	394
	638,	459,	381,	461
	637,	436,	434,	460
	636,	459,	379,	381
	635,	457,	379,	459
	634,	458,	432,	456
	633,	434,	432,	458
	632,	455,	379,	457
	631,	456,	421,	443
	630,	455,	377,	379
	629,	432,	421,	456
	628,	453,	377,	455
	627,	454,	446,	449
	626,	451,	446,	454
	625,	453,	376,	377
	624,	452,	376,	453
	623,	451,	440,	446
	622,	452,	374,	376
	621,	450,	374,	452
	620,	443,	440,	451
	619,	450,	372,	374
	618,	448,	372,	450
	617,	449,	423,	426
	616,	446,	423,	449
	615,	448,	363,	372
	614,	447,	363,	448
	613,	446,	416,	423
	612,	447,	385,	363
	611,	445,	385,	447
	610,	440,	416,	446
	609,	445,	388,	385
	608,	444,	388,	445
	607,	443,	430,	440
	606,	444,	390,	388
	605,	442,	390,	444
	604,	421,	430,	443
	603,	442,	392,	390
	602,	441,	392,	442
	601,	440,	415,	416
	600,	439,	392,	441
	599,	430,	415,	440
	598,	439,	616,	392
	597,	438,	383,	439
	596,	220,	221,	437
	595,	433,	383,	438
	594,	221,	222,	436
	593,	221,	436,	437
	592,	435,	326,	419
	591,	436,	223,	434
	590,	222,	223,	436
	589,	353,	326,	435
	588,	434,	224,	432
	587,	223,	224,	434
	586,	431,	328,	383
	585,	432,	225,	421
	584,	431,	383,	433
	583,	224,	225,	432
	582,	431,	324,	328
	581,	421,	418,	430
	580,	429,	324,	431
	579,	430,	413,	415
	578,	429,	322,	324
	577,	418,	413,	430
	576,	427,	322,	429
	575,	428,	334,	335
	574,	427,	321,	322
	573,	426,	334,	428
	572,	425,	321,	427
	571,	426,	331,	334
	570,	423,	331,	426
	569,	425,	319,	321
	568,	424,	319,	425
	567,	423,	329,	331
	566,	424,	317,	319
	565,	422,	317,	424
	564,	416,	329,	423
	563,	422,	315,	317
	562,	420,	315,	422
	561,	225,	199,	418
	560,	225,	418,	421
	559,	420,	311,	315
	558,	419,	311,	420
	557,	418,	198,	413
	556,	326,	311,	419
	555,	199,	198,	418
	554,	417,	347,	360
	553,	416,	302,	329
	552,	414,	347,	417
	551,	415,	302,	416
	550,	414,	307,	347
	549,	415,	299,	302
	548,	413,	299,	415
	547,	412,	307,	414
	546,	413,	197,	299
	545,	412,	305,	307
	544,	198,	197,	413
	543,	409,	305,	412
	542,	411,	405,	410
	541,	406,	405,	411
	540,	409,	303,	305
	539,	410,	403,	408
	538,	405,	403,	410
	537,	407,	303,	409
	536,	408,	399,	617
	535,	407,	301,	303
	534,	403,	399,	408
	533,	404,	301,	407
	532,	406,	387,	405
	531,	393,	387,	406
	530,	404,	300,	301
	529,	405,	386,	403
	528,	387,	386,	405
	527,	402,	300,	404
	526,	403,	396,	399
	525,	402,	297,	300
	524,	386,	396,	403
	523,	400,	297,	402
	522,	401,	382,	391
	521,	400,	295,	297
	520,	399,	382,	401
	519,	398,	295,	400
	518,	399,	380,	382
	517,	396,	380,	399
	516,	398,	294,	295
	515,	386,	384,	396
	514,	397,	294,	398
	513,	396,	373,	380
	512,	397,	293,	294
	511,	395,	293,	397
	510,	384,	373,	396
	509,	395,	292,	293
	508,	394,	292,	395
	507,	393,	368,	387
	506,	291,	292,	394
	505,	369,	368,	393
	504,	392,	370,	390
	503,	391,	378,	389
	502,	616,	370,	392
	501,	382,	378,	391
	500,	390,	367,	388
	499,	389,	357,	359
	498,	370,	367,	390
	497,	378,	357,	389
	496,	388,	365,	385
	495,	387,	366,	386
	494,	367,	365,	388
	493,	368,	366,	387
	492,	385,	362,	363
	491,	386,	364,	384
	490,	366,	364,	386
	489,	365,	362,	385
	488,	384,	354,	373
	487,	616,	288,	370
	486,	364,	354,	384
	485,	328,	288,	616
	484,	382,	375,	378
	483,	380,	375,	382
	482,	381,	291,	394
	481,	380,	371,	375
	480,	379,	291,	381
	479,	373,	371,	380
	478,	379,	290,	291
	477,	377,	290,	379
	476,	378,	355,	357
	475,	375,	355,	378
	474,	377,	289,	290
	473,	376,	289,	377
	472,	375,	350,	355
	471,	376,	287,	289
	470,	374,	287,	376
	469,	371,	350,	375
	468,	374,	286,	287
	467,	373,	361,	371
	466,	372,	286,	374
	465,	354,	361,	373
	464,	372,	285,	286
	463,	371,	348,	350
	462,	363,	285,	372
	461,	361,	348,	371
	460,	370,	281,	367
	459,	246,	247,	369
	458,	288,	281,	370
	457,	369,	248,	368
	456,	247,	248,	369
	455,	367,	282,	365
	454,	368,	249,	366
	453,	248,	249,	368
	452,	281,	282,	367
	451,	366,	250,	364
	450,	249,	250,	366
	449,	365,	283,	362
	448,	364,	251,	354
	447,	282,	283,	365
	446,	250,	251,	364
	445,	363,	284,	285
	444,	362,	284,	363
	443,	354,	352,	361
	442,	283,	284,	362
	441,	361,	346,	348
	440,	360,	336,	358
	439,	352,	346,	361
	438,	347,	336,	360
	437,	359,	316,	318
	436,	358,	333,	356
	435,	357,	316,	359
	434,	336,	333,	358
	433,	357,	314,	316
	432,	355,	314,	357
	431,	356,	330,	332
	430,	355,	312,	314
	429,	333,	330,	356
	428,	350,	312,	355
	427,	353,	313,	326
	426,	251,	181,	352
	425,	251,	352,	354
	424,	351,	313,	353
	423,	352,	180,	346
	422,	351,	276,	313
	421,	181,	180,	352
	420,	349,	276,	351
	419,	350,	310,	312
	418,	349,	270,	276
	417,	348,	310,	350
	416,	345,	270,	349
	415,	348,	308,	310
	414,	346,	308,	348
	413,	347,	267,	336
	412,	346,	179,	308
	411,	307,	267,	347
	410,	180,	179,	346
	409,	345,	269,	270
	408,	344,	269,	345
	407,	343,	214,	215
	406,	344,	268,	269
	405,	342,	268,	344
	404,	343,	213,	214
	403,	341,	213,	343
	402,	342,	266,	268
	401,	340,	266,	342
	400,	341,	168,	213
	399,	339,	168,	341
	398,	340,	265,	266
	397,	339,	167,	168
	396,	338,	265,	340
	395,	337,	167,	339
	394,	338,	264,	265
	393,	337,	166,	167
	392,	332,	264,	338
	391,	306,	166,	337
	390,	336,	261,	333
	389,	335,	201,	202
	388,	267,	261,	336
	387,	335,	200,	201
	386,	334,	200,	335
	385,	333,	262,	330
	384,	334,	186,	200
	383,	331,	186,	334
	382,	261,	262,	333
	381,	331,	185,	186
	380,	332,	263,	264
	379,	330,	263,	332
	378,	329,	185,	331
	377,	262,	263,	330
	376,	329,	184,	185
	375,	328,	280,	288
	374,	302,	184,	329
	373,	324,	280,	328
	372,	327,	240,	590
	371,	326,	309,	311
	370,	327,	239,	240
	369,	325,	239,	327
	368,	313,	309,	326
	367,	325,	195,	239
	366,	323,	195,	325
	365,	324,	279,	280
	364,	323,	194,	195
	363,	322,	279,	324
	362,	320,	194,	323
	361,	322,	278,	279
	360,	321,	278,	322
	359,	320,	193,	194
	358,	321,	277,	278
	357,	319,	277,	321
	356,	298,	193,	320
	355,	319,	275,	277
	354,	317,	275,	319
	353,	318,	227,	568
	352,	317,	274,	275
	351,	318,	226,	227
	350,	316,	226,	318
	349,	315,	274,	317
	348,	316,	173,	226
	347,	314,	173,	316
	346,	315,	273,	274
	345,	314,	172,	173
	344,	311,	273,	315
	343,	312,	172,	314
	342,	313,	271,	309
	341,	312,	171,	172
	340,	276,	271,	313
	339,	310,	171,	312
	338,	311,	272,	273
	337,	309,	272,	311
	336,	310,	170,	171
	335,	308,	170,	310
	334,	271,	272,	309
	333,	308,	169,	170
	332,	307,	260,	267
	331,	308,	178,	169
	330,	179,	178,	308
	329,	305,	260,	307
	328,	306,	165,	166
	327,	304,	165,	306
	326,	305,	259,	260
	325,	304,	164,	165
	324,	303,	259,	305
	323,	304,	174,	164
	322,	175,	174,	304
	321,	303,	258,	259
	320,	301,	258,	303
	319,	302,	183,	184
	318,	299,	183,	302
	317,	301,	257,	258
	316,	300,	257,	301
	315,	299,	182,	183
	314,	300,	255,	257
	313,	297,	255,	300
	312,	299,	196,	182
	311,	197,	196,	299
	310,	297,	254,	255
	309,	298,	192,	193
	308,	296,	192,	298
	307,	295,	254,	297
	306,	296,	191,	192
	305,	295,	253,	254
	304,	296,	187,	191
	303,	188,	187,	296
	302,	294,	253,	295
	301,	178,	160,	169
	300,	294,	252,	253
	299,	293,	252,	294
	298,	174,	161,	164
	297,	293,	256,	252
	296,	187,	163,	191
	295,	292,	256,	293
	294,	196,	162,	182
	293,	292,	120,	256
	292,	291,	120,	292
	291,	290,	120,	291
	290,	290,	159,	120
	289,	289,	159,	290
	288,	289,	158,	159
	287,	287,	158,	289
	286,	288,	150,	281
	285,	280,	150,	288
	284,	287,	157,	158
	283,	287,	156,	157
	282,	286,	156,	287
	281,	286,	155,	156
	280,	285,	155,	286
	279,	285,	154,	155
	278,	284,	154,	285
	277,	284,	153,	154
	276,	283,	153,	284
	275,	283,	152,	153
	274,	282,	152,	283
	273,	282,	151,	152
	272,	281,	151,	282
	271,	150,	151,	281
	270,	280,	149,	150
	269,	279,	149,	280
	268,	279,	148,	149
	267,	278,	148,	279
	266,	278,	147,	148
	265,	277,	147,	278
	264,	277,	146,	147
	263,	275,	146,	277
	262,	276,	140,	271
	261,	270,	140,	276
	260,	275,	145,	146
	259,	275,	144,	145
	258,	274,	144,	275
	257,	274,	143,	144
	256,	273,	143,	274
	255,	273,	142,	143
	254,	272,	142,	273
	253,	272,	141,	142
	252,	271,	141,	272
	251,	140,	141,	271
	250,	270,	139,	140
	249,	269,	139,	270
	248,	269,	138,	139
	247,	268,	138,	269
	246,	268,	137,	138
	245,	266,	137,	268
	244,	267,	130,	261
	243,	260,	130,	267
	242,	266,	136,	137
	241,	266,	135,	136
	240,	265,	135,	266
	239,	265,	134,	135
	238,	264,	134,	265
	237,	264,	133,	134
	236,	263,	133,	264
	235,	263,	132,	133
	234,	262,	132,	263
	233,	262,	131,	132
	232,	261,	131,	262
	231,	130,	131,	261
	230,	260,	129,	130
	229,	259,	129,	260
	228,	259,	128,	129
	227,	258,	128,	259
	226,	258,	127,	128
	225,	257,	127,	258
	224,	257,	126,	127
	223,	255,	126,	257
	222,	256,	121,	252
	221,	120,	121,	256
	220,	255,	125,	126
	219,	255,	124,	125
	218,	254,	124,	255
	217,	254,	123,	124
	216,	253,	123,	254
	215,	253,	122,	123
	214,	252,	122,	253
	213,	121,	122,	252
	212,	251,	23,	181
	211,	251,	22,	23
	210,	250,	22,	251
	209,	250,	21,	22
	208,	249,	21,	250
	207,	249,	20,	21
	206,	248,	20,	249
	205,	248,	19,	20
	204,	248,	18,	19
	203,	247,	18,	248
	202,	247,	17,	18
	201,	246,	17,	247
	200,	246,	16,	17
	199,	245,	16,	246
	198,	245,	15,	16
	197,	244,	15,	245
	196,	244,	14,	15
	195,	243,	14,	244
	194,	243,	13,	14
	193,	243,	12,	13
	192,	242,	12,	243
	191,	242,	11,	12
	190,	241,	11,	242
	189,	241,	10,	11
	188,	240,	10,	241
	187,	240,	9,	10
	186,	239,	9,	240
	185,	239,	8,	9
	184,	195,	8,	239
	183,	238,	53,	177
	182,	238,	52,	53
	181,	237,	52,	238
	180,	237,	51,	52
	179,	236,	51,	237
	178,	236,	50,	51
	177,	235,	50,	236
	176,	235,	49,	50
	175,	235,	48,	49
	174,	234,	48,	235
	173,	234,	47,	48
	172,	233,	47,	234
	171,	233,	46,	47
	170,	232,	46,	233
	169,	232,	45,	46
	168,	231,	45,	232
	167,	231,	44,	45
	166,	230,	44,	231
	165,	230,	43,	44
	164,	230,	42,	43
	163,	229,	42,	230
	162,	229,	41,	42
	161,	228,	41,	229
	160,	228,	40,	41
	159,	227,	40,	228
	158,	227,	39,	40
	157,	226,	39,	227
	156,	226,	38,	39
	155,	173,	38,	226
	154,	225,	83,	199
	153,	225,	82,	83
	152,	224,	82,	225
	151,	224,	81,	82
	150,	223,	81,	224
	149,	223,	80,	81
	148,	222,	80,	223
	147,	222,	79,	80
	146,	222,	78,	79
	145,	221,	78,	222
	144,	221,	77,	78
	143,	220,	77,	221
	142,	220,	76,	77
	141,	219,	76,	220
	140,	219,	75,	76
	139,	218,	75,	219
	138,	218,	74,	75
	137,	217,	74,	218
	136,	217,	73,	74
	135,	217,	72,	73
	134,	216,	72,	217
	133,	216,	71,	72
	132,	215,	71,	216
	131,	215,	70,	71
	130,	214,	70,	215
	129,	214,	69,	70
	128,	213,	69,	214
	127,	213,	68,	69
	126,	168,	68,	213
	125,	212,	113,	190
	124,	212,	112,	113
	123,	211,	112,	212
	122,	211,	111,	112
	121,	210,	111,	211
	120,	210,	110,	111
	119,	209,	110,	210
	118,	209,	109,	110
	117,	209,	108,	109
	116,	208,	108,	209
	115,	208,	107,	108
	114,	207,	107,	208
	113,	207,	106,	107
	112,	206,	106,	207
	111,	206,	105,	106
	110,	205,	105,	206
	109,	205,	104,	105
	108,	204,	104,	205
	107,	204,	103,	104
	106,	204,	102,	103
	105,	203,	102,	204
	104,	203,	101,	102
	103,	202,	101,	203
	102,	202,	100,	101
	101,	201,	100,	202
	100,	201,	99,	100
	99,	200,	99,	201
	98,	200,	98,	99
	97,	186,	98,	200
	96,	83,	84,	199
	95,	199,	85,	198
	94,	84,	85,	199
	93,	198,	86,	197
	92,	85,	86,	198
	91,	197,	87,	196
	90,	86,	87,	197
	89,	196,	88,	162
	88,	87,	88,	196
	87,	195,	7,	8
	86,	195,	6,	7
	85,	194,	6,	195
	84,	194,	5,	6
	83,	193,	5,	194
	82,	193,	4,	5
	81,	192,	4,	193
	80,	192,	3,	4
	79,	191,	3,	192
	78,	191,	2,	3
	77,	163,	2,	191
	76,	113,	114,	190
	75,	190,	115,	189
	74,	114,	115,	190
	73,	189,	116,	188
	72,	115,	116,	189
	71,	188,	117,	187
	70,	116,	117,	188
	69,	187,	118,	163
	68,	117,	118,	187
	67,	186,	97,	98
	66,	186,	96,	97
	65,	185,	96,	186
	64,	185,	95,	96
	63,	184,	95,	185
	62,	184,	94,	95
	61,	183,	94,	184
	60,	183,	93,	94
	59,	182,	93,	183
	58,	182,	92,	93
	57,	162,	92,	182
	56,	23,	24,	181
	55,	181,	25,	180
	54,	24,	25,	181
	53,	180,	26,	179
	52,	25,	26,	180
	51,	179,	27,	178
	50,	26,	27,	179
	49,	178,	28,	160
	48,	27,	28,	178
	47,	53,	54,	177
	46,	177,	55,	176
	45,	54,	55,	177
	44,	176,	56,	175
	43,	55,	56,	176
	42,	175,	57,	174
	41,	56,	57,	175
	40,	174,	58,	161
	39,	57,	58,	174
	38,	173,	37,	38
	37,	173,	36,	37
	36,	172,	36,	173
	35,	172,	35,	36
	34,	171,	35,	172
	33,	171,	34,	35
	32,	170,	34,	171
	31,	170,	33,	34
	30,	169,	33,	170
	29,	169,	32,	33
	28,	160,	32,	169
	27,	168,	67,	68
	26,	168,	66,	67
	25,	167,	66,	168
	24,	167,	65,	66
	23,	166,	65,	167
	22,	166,	64,	65
	21,	165,	64,	166
	20,	165,	63,	64
	19,	164,	63,	165
	18,	164,	62,	63
	17,	161,	62,	164
	16,	118,	119,	163
	15,	163,	1,	2
	14,	163,	0,	1
	13,	119,	0,	163
	12,	88,	89,	162
	11,	162,	91,	92
	10,	162,	90,	91
	9,	89,	90,	162
	8,	58,	59,	161
	7,	161,	61,	62
	6,	161,	60,	61
	5,	59,	60,	161
	4,	160,	31,	32
	3,	28,	29,	160
	2,	160,	30,	31
	1,	29,	30,	160
	1049,	540,	541,	609
	1050,	539,	540,	610
	1051,	610,	540,	609
	1052,	524,	539,	610
	1053,	523,	524,	611
	1054,	611,	524,	610
	1055,	522,	523,	611
	1056,	611,	610,	612
	1057,	612,	610,	609
	1058,	612,	609,	613
	1059,	613,	609,	608
	1060,	613,	608,	605
	1061,	613,	605,	607
	1062,	522,	611,	614
	1063,	614,	611,	612
	1064,	518,	522,	614
	1065,	441,	518,	614
	1066,	439,	441,	615
	1067,	613,	607,	615
	1068,	615,	607,	438
	1069,	615,	438,	439
	1070,	615,	441,	614
	1071,	614,	612,	615
	1072,	615,	612,	613
	1073,	328,	616,	383
	1074,	439,	383,	616
	1075,	582,	617,	401
	1076,	399,	401,	617
*****