**
**
**Template:  Heat 2D Program
**
*NODE
	0,	0,	0
	1,	5,	5
	2,	4.5,	5
	3,	4,	5
	4,	3.5,	5
	5,	3,	5
	6,	2.5,	5
	7,	2,	5
	8,	1.5,	5
	9,	1,	5
	10,	0.5,	5
	11,	-1.77635684E-15,	5
	12,	0,	4.7
	13,	0,	4.4
	14,	0,	4.1
	15,	0,	3.8
	16,	0,	3.5
	17,	0,	3.2
	18,	0,	2.9
	19,	0,	2.6
	20,	0,	2.3
	21,	0,	2
	22,	0.1569470329036,	1.9938323973852
	23,	0.3129260788768,	1.9753676288627
	24,	0.4669751211476,	1.9447195777873
	25,	0.6181440464402,	1.9020772691588
	26,	0.7655005048956,	1.8477037037914
	27,	0.9081356604353,	1.7819342362292
	28,	1.0451697961012,	1.7051745064121
	29,	1.1757577397997,	1.6178979378506
	30,	1.2990940769878,	1.5206428177371
	31,	1.4144181181497,	1.4140089770046
	32,	1.7730474974501,	1.7725368835242
	33,	2.1315977755112,	2.1311438964659
	34,	2.4901480535723,	2.4897509094077
	35,	2.8486983316334,	2.8483579223495
	36,	3.2072486096945,	3.2069649352912
	37,	3.5657988877556,	3.565571948233
	38,	3.9243491658167,	3.9241789611747
	39,	4.2828994438778,	4.2827859741165
	40,	4.6414497219389,	4.6413929870582
	41,	0.3282839935362,	3.4947010311768
	42,	0.6560851869017,	3.4852407501147
	43,	0.9829237576459,	3.4699505509407
	44,	1.3083258203921,	3.4486780090278
	45,	1.631826349574,	3.4215543005658
	46,	1.9529720475287,	3.3887466894148
	47,	2.2713241402566,	3.3504574954886
	48,	2.5864610836052,	3.3069228469249
	49,	2.8981556345633,	3.2585856446507
	50,	1.8054610796581,	3.7372434404506
	51,	1.9790958097434,	4.0529325803376
	52,	2.152730539829,	4.3686217202251
	53,	2.3263652699145,	4.6843108601126
	54,	0.7248681495211,	3.7881926000908
	55,	0.7936511121408,	4.091144450068
	56,	0.8624340747605,	4.3940963000453
	57,	0.9312170373803,	4.6970481500227
	58,	0.3969703961216,	4.0968206187057
	59,	0.3626271948288,	3.795760824941
	60,	0.4313135974144,	4.3978804124705
	61,	0.4656567987072,	4.6989402062352
	62,	1.5849954922345,	4.069206805415
	63,	1.1897542545871,	4.0819703305632
	64,	1.4466606563128,	3.7589424072204
	65,	1.0863390061162,	3.7759604407512
	66,	1.8616651640782,	4.689735601805
	67,	1.7233303281564,	4.37947120361
	68,	1.396584751529,	4.6939901101877
	69,	1.2931695030581,	4.3879802203755
	70,	3.5388933807376,	3.95515138679
	71,	3.1518766501624,	3.9841537081541
	72,	2.762794484153,	4.0102744972918
	73,	2.3717832285162,	4.0332480136472
	74,	2.8691688668834,	3.645538277539
	75,	3.2185245076502,	3.6068685157201
	76,	2.5170593122042,	3.6803659963894
	77,	2.1623776380218,	3.71099735153
	78,	3.7172922167208,	4.6613845693847
	79,	3.4345844334416,	4.3227691387694
	80,	4.1796311269125,	4.65171712893
	81,	3.8592622538251,	4.30343425786
	82,	3.254264828051,	4.6700914990973
	83,	3.008529656102,	4.3401829981946
	84,	2.7905944095054,	4.6777493378824
	85,	2.5811888190108,	4.3554986757648
	86,	0.9374633339611,	2.1592655312963
	87,	1.1109205773051,	2.4744884630562
	88,	1.2845568894119,	2.7901760208071
	89,	1.4581916194923,	3.1058651606852
	90,	0.8933200470154,	2.5178860801664
	91,	0.6726770630229,	2.5519218307966
	92,	0.4497356662346,	2.5763858330444
	93,	0.2252540732534,	2.5915219663134
	94,	0.5693701970847,	2.2463976164637
	95,	0.7551286152807,	2.2080990686178
	96,	0.1909473168985,	2.2908321636707
	97,	0.3810253550528,	2.2739249929096
	98,	0.8795085091766,	3.163940661133
	99,	0.7760932607079,	2.8579307713269
	100,	1.1699909844731,	3.1384136108388
	101,	1.0316561485551,	2.828149212652
	102,	0.2939407922437,	3.1936412374136
	103,	0.5873022242828,	3.1822889001404
	104,	0.2595975909513,	2.8925814436508
	105,	0.5185192616641,	2.8793370501671
	106,	1.9370469586767,	2.2137390882174
	107,	1.7383352025414,	2.2910790865019
	108,	1.5341164095901,	2.3607342077821
	109,	1.3247533776297,	2.4219966016404
	110,	1.4558993175915,	1.9528799023511
	111,	1.6168917050736,	1.8657627208304
	112,	1.1155581934639,	2.1001981620525
	113,	1.2886231838949,	2.0312612366501
	114,	2.2574178883923,	2.5620199025153
	115,	2.0210455170538,	2.6296919857031
	116,	1.7798537963675,	2.6906404936954
	117,	1.5341608665491,	2.7442453651948
	118,	2.3037533003287,	2.968307416313
	119,	2.5777867614773,	2.9103027735824
	120,	2.0255889683111,	3.0205489945908
	121,	1.7435664570381,	3.0664960273035
	122,	-0.5,	5
	123,	-1,	5
	124,	-1.5,	5
	125,	-2,	5
	126,	-2.5,	5
	127,	-3,	5
	128,	-3.5,	5
	129,	-4,	5
	130,	-4.5,	5
	131,	-5,	5
	132,	-4.641421356237,	4.6414213562373
	133,	-4.282842712475,	4.2828427124746
	134,	-3.924264068712,	3.9242640687119
	135,	-3.565685424949,	3.5656854249492
	136,	-3.207106781186,	3.2071067811866
	137,	-2.848528137424,	2.8485281374239
	138,	-2.489949493661,	2.4899494936612
	139,	-2.131370849898,	2.1313708498985
	140,	-1.772792206136,	1.7727922061358
	141,	-1.414213562374,	1.4142135623726
	142,	-1.298896096661,	1.5208119311996
	143,	-1.175570504585,	1.6180339887496
	144,	-1.044997129432,	1.7052803287079
	145,	-0.907980999479,	1.7820130483765
	146,	-0.76536686473,	1.8477590650224
	147,	-0.61803398875,	1.9021130325902
	148,	-0.466890727712,	1.9447398407953
	149,	-0.312868930081,	1.9753766811902
	150,	-0.156918191456,	1.9938346674662
	151,	-2.898021792451,	3.2587062414439
	152,	-2.586336589377,	3.307023080929
	153,	-2.27121080819,	3.3505387366955
	154,	-1.952871589052,	3.3888105383174
	155,	-1.631740265971,	3.4216025274111
	156,	-1.308255387209,	3.4487125304594
	157,	-0.98287001148,	3.4699734052785
	158,	-0.656048914693,	3.4852540715051
	159,	-0.328265724455,	3.494706932052
	160,	-1.805392212777,	3.7372820219289
	161,	-1.979044159583,	4.0529615164467
	162,	-2.152696106388,	4.3686410109645
	163,	-2.326348053194,	4.6843205054822
	164,	-2.371722953431,	4.0332863229905
	165,	-2.762726484914,	4.0103232420173
	166,	-3.151801953626,	3.9842138485574
	167,	-3.53881307547,	3.9552237448663
	168,	-2.516968646552,	3.6804309893564
	169,	-2.162297271241,	3.711048430654
	170,	-2.869069271501,	3.6456184647432
	171,	-3.21841743396,	3.6069649931551
	172,	-3.254242161638,	4.6701077473391
	173,	-3.008484323276,	4.3402154946782
	174,	-2.79057431781,	4.6777621076635
	175,	-2.581148635621,	4.355524215327
	176,	-4.17960435849,	4.6517412482888
	177,	-3.717267317875,	4.6614046161858
	178,	-3.85920871698,	4.3034824965776
	179,	-3.434534635751,	4.3228092323716
	180,	-1.086296009184,	3.7759787242228
	181,	-1.189722006888,	4.0819840431671
	182,	-1.293148004592,	4.3879893621114
	183,	-1.396574002296,	4.6939946810557
	184,	-1.584953232326,	4.0692275182756
	185,	-1.446604309767,	3.7589700243675
	186,	-1.723302154884,	4.3794850121838
	187,	-1.861651077442,	4.6897425060919
	188,	-0.396959434673,	4.0968241592312
	189,	-0.793629348816,	4.0911524429031
	190,	-0.362612579564,	3.7957655456416
	191,	-0.724839131754,	3.7882032572041
	192,	-0.465653144891,	4.6989413864104
	193,	-0.431306289782,	4.3978827728208
	194,	-0.931209782938,	4.697050814301
	195,	-0.862419565877,	4.394101628602
	196,	-0.937320937471,	2.1593395289454
	197,	-1.110784425554,	2.4745640438578
	198,	-1.284436372359,	2.7902435383756
	199,	-1.458088319165,	3.1059230328934
	200,	-1.324594542482,	2.4220968613079
	201,	-1.533937293105,	2.3608619787128
	202,	-1.738138543003,	2.2912369294864
	203,	-1.936834867921,	2.2139299863102
	204,	-1.288436767718,	2.0313896226637
	205,	-1.115392435349,	2.1002977597254
	206,	-1.616671866769,	1.8659585180003
	207,	-1.455695325352,	1.9530399593396
	208,	-1.534020224672,	2.7443347536444
	209,	-1.779695131467,	2.6907542313737
	210,	-2.020871225128,	2.6298323133006
	211,	-2.257230509431,	2.5621887380214
	212,	-2.025452969829,	3.0206464840346
	213,	-1.743445906862,	3.0665726459809
	214,	-2.577626150941,	2.9104474897326
	215,	-2.303603907252,	2.9684276971148
	216,	-0.225225159128,	2.5915310912832
	217,	-0.449678263508,	2.5764065144082
	218,	-0.672592018368,	2.5519574484456
	219,	-0.893208619535,	2.5179400487351
	220,	-0.380965085161,	2.273943732007
	221,	-0.190916942486,	2.2908401193096
	222,	-0.755011877456,	2.208150918183
	223,	-0.569280984656,	2.2464309889922
	224,	-0.587258697631,	3.1823048858061
	225,	-0.51846848057,	2.8793557001071
	226,	-0.293918869346,	3.1936483184624
	227,	-0.259572014237,	2.8925897048728
	228,	-1.169906464651,	3.1384550365513
	229,	-0.879444013776,	3.1639680863342
	230,	-1.031557542093,	2.8281975426432
	231,	-0.776018016072,	2.8579627673899
	232,	-5,	4.5
	233,	-5,	4
	234,	-5,	3.5
	235,	-5,	3
	236,	-5,	2.5
	237,	-5,	2
	238,	-5,	1.5
	239,	-5,	1
	240,	-5,	0.5
	241,	-5,	-1.77635684E-15
	242,	-4.7,	0
	243,	-4.4,	0
	244,	-4.1,	0
	245,	-3.8,	0
	246,	-3.5,	0
	247,	-3.2,	0
	248,	-2.9,	0
	249,	-2.6,	0
	250,	-2.3,	0
	251,	-2,	0
	252,	-1.993834667466,	0.1569181914556
	253,	-1.97537668119,	0.3128689300803
	254,	-1.944739840795,	0.4668907277116
	255,	-1.90211303259,	0.6180339887496
	256,	-1.847759065023,	0.7653668647298
	257,	-1.782013048377,	0.9079809994787
	258,	-1.705280328708,	1.0449971294315
	259,	-1.61803398875,	1.1755705045845
	260,	-1.5208119312,	1.2988960966599
	261,	-3.494706932052,	0.328265724455
	262,	-3.485254071505,	0.6560489146928
	263,	-3.469973405278,	0.9828700114799
	264,	-3.448712530459,	1.3082553872092
	265,	-3.421602527411,	1.631740265971
	266,	-3.388810538317,	1.9528715890515
	267,	-3.350538736695,	2.2712108081905
	268,	-3.307023080929,	2.5863365893768
	269,	-3.258706241444,	2.8980217924506
	270,	-3.737282021929,	1.8053922127768
	271,	-4.052961516447,	1.9790441595826
	272,	-4.368641010964,	2.1526961063884
	273,	-4.684320505482,	2.3263480531942
	274,	-3.788203257204,	0.7248391317542
	275,	-4.091152442903,	0.7936293488157
	276,	-4.394101628602,	0.8624195658771
	277,	-4.697050814301,	0.9312097829386
	278,	-4.096824159231,	0.396959434673
	279,	-3.795765545642,	0.362612579564
	280,	-4.397882772821,	0.431306289782
	281,	-4.69894138641,	0.465653144891
	282,	-4.069227518276,	1.5849532323255
	283,	-4.081984043167,	1.189722006888
	284,	-3.758970024367,	1.4466043097673
	285,	-3.775978724223,	1.086296009184
	286,	-4.689742506092,	1.8616510774418
	287,	-4.379485012184,	1.7233021548837
	288,	-4.693994681056,	1.396574002296
	289,	-4.387989362111,	1.293148004592
	290,	-3.955223744866,	3.5388130754704
	291,	-3.984213848557,	3.1518019536261
	292,	-4.010323242017,	2.7627264849143
	293,	-4.03328632299,	2.3717229534309
	294,	-3.645618464743,	2.8690692715014
	295,	-3.606964993155,	3.2184174339605
	296,	-3.680430989356,	2.5169686465524
	297,	-3.711048430654,	2.1622972712412
	298,	-4.661404616186,	3.7172673178754
	299,	-4.322809232372,	3.4345346357507
	300,	-4.651741248289,	4.1796043584901
	301,	-4.303482496578,	3.8592087169802
	302,	-4.670107747339,	3.2542421616381
	303,	-4.340215494678,	3.0084843232762
	304,	-4.677762107663,	2.7905743178103
	305,	-4.355524215327,	2.5811486356206
	306,	-2.159339528945,	0.9373209374708
	307,	-2.474564043858,	1.1107844255535
	308,	-2.790243538375,	1.2844363723593
	309,	-3.105923032893,	1.4580883191652
	310,	-2.517940048735,	0.8932086195347
	311,	-2.551957448445,	0.6725920183679
	312,	-2.576406514408,	0.4496782635084
	313,	-2.591531091283,	0.225225159128
	314,	-2.246430988992,	0.5692809846562
	315,	-2.208150918183,	0.7550118774558
	316,	-2.29084011931,	0.1909169424856
	317,	-2.273943732007,	0.3809650851611
	318,	-3.163968086334,	0.8794440137759
	319,	-2.85796276739,	0.7760180160719
	320,	-3.138455036551,	1.169906464651
	321,	-2.828197542643,	1.0315575420928
	322,	-3.193648318462,	0.293918869346
	323,	-3.182304885806,	0.5872586976313
	324,	-2.892589704873,	0.259572014237
	325,	-2.879355700107,	0.5184684805699
	326,	-2.21392998631,	1.9368348679209
	327,	-2.291236929486,	1.7381385430028
	328,	-2.360861978713,	1.5339372931048
	329,	-2.422096861308,	1.3245945424824
	330,	-1.95303995934,	1.4556953253512
	331,	-1.865958518,	1.6166718667689
	332,	-2.100297759725,	1.1153924353488
	333,	-2.031389622664,	1.2884367677175
	334,	-2.562188738021,	2.2572305094308
	335,	-2.6298323133,	2.0208712251275
	336,	-2.690754231374,	1.7796951314667
	337,	-2.744334753644,	1.5340202246721
	338,	-2.968427697115,	2.3036039072521
	339,	-2.910447489733,	2.5776261509407
	340,	-3.020646484034,	2.0254529698286
	341,	-3.066572645981,	1.7434459068618
	342,	-5,	-0.5
	343,	-5,	-1
	344,	-5,	-1.5
	345,	-5,	-2
	346,	-5,	-2.5
	347,	-5,	-3
	348,	-5,	-3.5
	349,	-5,	-4
	350,	-5,	-4.5
	351,	-5,	-5
	352,	-4.641421356237,	-4.641421356237
	353,	-4.282842712475,	-4.282842712475
	354,	-3.924264068712,	-3.924264068712
	355,	-3.565685424949,	-3.565685424949
	356,	-3.207106781186,	-3.207106781186
	357,	-2.848528137424,	-2.848528137424
	358,	-2.489949493661,	-2.489949493661
	359,	-2.131370849898,	-2.131370849898
	360,	-1.772792206136,	-1.772792206136
	361,	-1.414213571985,	-1.414213552761
	362,	-1.520811939146,	-1.298896087357
	363,	-1.618033995142,	-1.175570495787
	364,	-1.70528033368,	-1.044997121319
	365,	-1.78201305208,	-0.907980992212
	366,	-1.847759067624,	-0.765366858451
	367,	-1.90211303427,	-0.618033983579
	368,	-1.944739841747,	-0.466890723746
	369,	-1.975376681616,	-0.312868927395
	370,	-1.993834667573,	-0.1569181901
	371,	-3.258706241112,	-2.89802179216
	372,	-3.307023080307,	-2.586336588858
	373,	-3.350538735847,	-2.27121080753
	374,	-3.388810537318,	-1.95287158833
	375,	-3.421602526345,	-1.631740265258
	376,	-3.448712529416,	-1.308255386566
	377,	-3.469973404353,	-0.982870010954
	378,	-3.485254070798,	-0.656048914321
	379,	-3.494706931663,	-0.328265724263
	380,	-3.737282021076,	-1.805392212207
	381,	-4.052961515807,	-1.979044159155
	382,	-4.368641010538,	-2.152696106103
	383,	-4.684320505269,	-2.326348053052
	384,	-4.033286322391,	-2.371722952998
	385,	-4.010323241508,	-2.762726484518
	386,	-3.984213848184,	-3.151801953315
	387,	-3.955223744667,	-3.538813075296
	388,	-3.680430988678,	-2.516968646024
	389,	-3.711048429855,	-2.162297270664
	390,	-3.645618464245,	-2.869069271087
	391,	-3.60696499289,	-3.218417433728
	392,	-4.670107747169,	-3.254242161506
	393,	-4.340215494339,	-3.008484323012
	394,	-4.677762107464,	-2.790574317666
	395,	-4.355524214927,	-2.581148635332
	396,	-4.651741248222,	-4.179604358432
	397,	-4.661404616061,	-3.717267317772
	398,	-4.303482496445,	-3.859208716864
	399,	-4.322809232123,	-3.434534635543
	400,	-3.775978723482,	-1.086296008763
	401,	-4.081984042612,	-1.189722006572
	402,	-4.387989361741,	-1.293148004382
	403,	-4.69399468087,	-1.396574002191
	404,	-4.069227517649,	-1.584953231939
	405,	-3.758970023532,	-1.446604309252
	406,	-4.379485011766,	-1.723302154626
	407,	-4.689742505883,	-1.861651077313
	408,	-4.096824158998,	-0.396959434558
	409,	-4.091152442479,	-0.793629348593
	410,	-3.79576554533,	-0.36261257941
	411,	-3.788203256638,	-0.724839131457
	412,	-4.698941386332,	-0.465653144853
	413,	-4.397882772665,	-0.431306289705
	414,	-4.69705081416,	-0.931209782864
	415,	-4.394101628319,	-0.862419565728
	416,	-2.159339528557,	-0.937320934645
	417,	-2.474564042344,	-1.110784424221
	418,	-2.790243536883,	-1.284436371362
	419,	-3.105923031614,	-1.45808831831
	420,	-2.42209685994,	-1.324594541097
	421,	-2.360861977625,	-1.533937291779
	422,	-2.291236928798,	-1.738138541866
	423,	-2.213929986029,	-1.936834867205
	424,	-2.031389623284,	-1.28843676437
	425,	-2.100297759766,	-1.115392432199
	426,	-1.865958519975,	-1.616671863663
	427,	-1.953039960675,	-1.455695321951
	428,	-2.744334752246,	-1.534020223662
	429,	-2.690754230186,	-1.779695130542
	430,	-2.629832312429,	-2.020871224402
	431,	-2.562188737557,	-2.257230509023
	432,	-3.020646483017,	-2.025452969036
	433,	-3.066572644782,	-1.743445905996
	434,	-2.910447489334,	-2.577626150591
	435,	-2.968427696368,	-2.30360390663
	436,	-2.591531090699,	-0.225225158782
	437,	-2.576406513354,	-0.449678262837
	438,	-2.55195744708,	-0.672592017411
	439,	-2.517940047219,	-0.893208618351
	440,	-2.273943731341,	-0.380965083875
	441,	-2.29084011891,	-0.190916941831
	442,	-2.208150917527,	-0.755011875063
	443,	-2.246430988241,	-0.569280982784
	444,	-3.182304884958,	-0.587258697186
	445,	-2.879355699117,	-0.51846848005
	446,	-3.193648317995,	-0.293918869116
	447,	-2.892589704328,	-0.259572013968
	448,	-3.138455035299,	-1.169906463879
	449,	-3.163968085223,	-0.879444013145
	450,	-2.828197541182,	-1.031557541192
	451,	-2.857962766094,	-0.776018015335
	452,	-4.5,	-5
	453,	-4,	-5
	454,	-3.5,	-5
	455,	-3,	-5
	456,	-2.5,	-5
	457,	-2,	-5
	458,	-1.5,	-5
	459,	-1,	-5
	460,	-0.5,	-5
	461,	0,	-5
	462,	0,	-4.7
	463,	0,	-4.4
	464,	0,	-4.1
	465,	0,	-3.8
	466,	0,	-3.5
	467,	0,	-3.2
	468,	0,	-2.9
	469,	0,	-2.6
	470,	0,	-2.3
	471,	-8.8817842E-16,	-2
	472,	-0.156918192811,	-1.99383466736
	473,	-0.312868932766,	-1.975376680765
	474,	-0.466890731677,	-1.944739839843
	475,	-0.618033993921,	-1.90211303091
	476,	-0.76536687101,	-1.847759062422
	477,	-0.907981006746,	-1.782013044674
	478,	-1.044997137545,	-1.705280323736
	479,	-1.175570513383,	-1.618033982358
	480,	-1.298896105963,	-1.520811923255
	481,	-0.328265724647,	-3.494706932441
	482,	-0.656048915064,	-3.485254072212
	483,	-0.982870012006,	-3.469973406204
	484,	-1.308255387853,	-3.448712531503
	485,	-1.631740266684,	-3.421602528477
	486,	-1.952871589773,	-3.388810539316
	487,	-2.271210808851,	-3.350538737544
	488,	-2.586336589895,	-3.307023081551
	489,	-2.898021792742,	-3.258706241776
	490,	-1.805392213347,	-3.737282022782
	491,	-1.97904416001,	-4.052961517086
	492,	-2.152696106673,	-4.368641011391
	493,	-2.326348053337,	-4.684320505695
	494,	-0.724839132051,	-3.78820325777
	495,	-0.793629349038,	-4.091152443327
	496,	-0.862419566026,	-4.394101628885
	497,	-0.931209783013,	-4.697050814442
	498,	-0.396959434788,	-4.096824159465
	499,	-0.362612579718,	-3.795765545953
	500,	-0.431306289859,	-4.397882772976
	501,	-0.465653144929,	-4.698941386488
	502,	-1.584953232712,	-4.069227518902
	503,	-1.189722007204,	-4.081984043722
	504,	-1.446604310282,	-3.758970025202
	505,	-1.086296009605,	-3.775978724963
	506,	-1.86165107757,	-4.689742506301
	507,	-1.723302155141,	-4.379485012601
	508,	-1.396574002401,	-4.693994681241
	509,	-1.293148004802,	-4.387989362482
	510,	-3.538813075645,	-3.955223745065
	511,	-3.151801953937,	-3.984213848931
	512,	-2.76272648531,	-4.010323242526
	513,	-2.371722953864,	-4.03328632359
	514,	-2.869069271916,	-3.645618465241
	515,	-3.218417434193,	-3.606964993421
	516,	-2.51696864708,	-3.680430990035
	517,	-2.162297271818,	-3.711048431453
	518,	-3.717267317979,	-4.66140461631
	519,	-3.434534635958,	-4.32280923262
	520,	-4.179604358548,	-4.651741248355
	521,	-3.859208717097,	-4.30348249671
	522,	-3.25424216177,	-4.670107747509
	523,	-3.00848432354,	-4.340215495017
	524,	-2.790574317955,	-4.677762107863
	525,	-2.581148635909,	-4.355524215726
	526,	-0.937320940296,	-2.159339529334
	527,	-1.110784426886,	-2.474564045372
	528,	-1.284436373357,	-2.790243539868
	529,	-1.45808832002,	-3.105923034173
	530,	-0.893208620718,	-2.517940050251
	531,	-0.672592019325,	-2.551957449811
	532,	-0.44967826418,	-2.576406515462
	533,	-0.225225159474,	-2.591531091867
	534,	-0.569280986529,	-2.246430989743
	535,	-0.755011879849,	-2.208150918839
	536,	-0.19091694314,	-2.290840119709
	537,	-0.380965086447,	-2.273943732673
	538,	-0.879444014407,	-3.163968087445
	539,	-0.776018016808,	-2.857962768686
	540,	-1.169906465423,	-3.138455037804
	541,	-1.031557542994,	-2.828197544104
	542,	-0.293918869576,	-3.193648318929
	543,	-0.587258698077,	-3.182304886654
	544,	-0.259572014506,	-2.892589705418
	545,	-0.51846848109,	-2.879355701097
	546,	-1.936834868637,	-2.213929986591
	547,	-1.73813854414,	-2.291236930174
	548,	-1.53393729443,	-2.3608619798
	549,	-1.324594543868,	-2.422096862675
	550,	-1.455695328752,	-1.953039958004
	551,	-1.616671869875,	-1.865958516025
	552,	-1.115392438499,	-2.100297759684
	553,	-1.288436771065,	-2.031389622043
	554,	-2.257230509838,	-2.562188738486
	555,	-2.020871225853,	-2.629832314172
	556,	-1.779695132391,	-2.690754232561
	557,	-1.534020225682,	-2.744334755043
	558,	-2.303603907874,	-2.968427697861
	559,	-2.57762615129,	-2.910447490131
	560,	-2.025452970621,	-3.020646485052
	561,	-1.743445907728,	-3.066572647179
	562,	0.5,	-5
	563,	1,	-5
	564,	1.5,	-5
	565,	2,	-5
	566,	2.5,	-5
	567,	3,	-5
	568,	3.5,	-5
	569,	4,	-5
	570,	4.5,	-5
	571,	5,	-5
	572,	4.6414213562373,	-4.641421356237
	573,	4.2828427124746,	-4.282842712475
	574,	3.9242640687119,	-3.924264068712
	575,	3.5656854249492,	-3.565685424949
	576,	3.2071067811866,	-3.207106781186
	577,	2.8485281374239,	-2.848528137424
	578,	2.4899494936612,	-2.489949493661
	579,	2.1313708498985,	-2.131370849898
	580,	1.7727922061358,	-1.772792206136
	581,	1.4142135623731,	-1.414213562373
	582,	1.2988960966604,	-1.5208119312
	583,	1.1755705045849,	-1.61803398875
	584,	1.0449971294319,	-1.705280328708
	585,	0.9079809994791,	-1.782013048377
	586,	0.7653668647302,	-1.847759065022
	587,	0.6180339887499,	-1.90211303259
	588,	0.4668907277118,	-1.944739840795
	589,	0.3128689300805,	-1.97537668119
	590,	0.1569181914557,	-1.993834667466
	591,	2.8980217924506,	-3.258706241444
	592,	2.5863365893768,	-3.307023080929
	593,	2.2712108081905,	-3.350538736695
	594,	1.9528715890516,	-3.388810538317
	595,	1.631740265971,	-3.421602527411
	596,	1.3082553872092,	-3.448712530459
	597,	0.98287001148,	-3.469973405278
	598,	0.6560489146928,	-3.485254071505
	599,	0.328265724455,	-3.494706932052
	600,	1.8053922127768,	-3.737282021929
	601,	1.9790441595826,	-4.052961516447
	602,	2.1526961063884,	-4.368641010964
	603,	2.3263480531942,	-4.684320505482
	604,	2.3717229534309,	-4.03328632299
	605,	2.7627264849143,	-4.010323242017
	606,	3.1518019536261,	-3.984213848557
	607,	3.5388130754704,	-3.955223744866
	608,	2.5169686465524,	-3.680430989356
	609,	2.1622972712412,	-3.711048430654
	610,	2.8690692715014,	-3.645618464743
	611,	3.2184174339605,	-3.606964993155
	612,	3.2542421616381,	-4.670107747339
	613,	3.0084843232762,	-4.340215494678
	614,	2.7905743178103,	-4.677762107663
	615,	2.5811486356206,	-4.355524215327
	616,	4.1796043584901,	-4.651741248289
	617,	3.7172673178754,	-4.661404616186
	618,	3.8592087169802,	-4.303482496578
	619,	3.4345346357507,	-4.322809232372
	620,	1.086296009184,	-3.775978724223
	621,	1.189722006888,	-4.081984043167
	622,	1.293148004592,	-4.387989362111
	623,	1.396574002296,	-4.693994681056
	624,	1.5849532323255,	-4.069227518276
	625,	1.4466043097674,	-3.758970024367
	626,	1.7233021548837,	-4.379485012184
	627,	1.8616510774418,	-4.689742506092
	628,	0.396959434673,	-4.096824159231
	629,	0.7936293488157,	-4.091152442903
	630,	0.362612579564,	-3.795765545642
	631,	0.7248391317542,	-3.788203257204
	632,	0.465653144891,	-4.69894138641
	633,	0.431306289782,	-4.397882772821
	634,	0.9312097829386,	-4.697050814301
	635,	0.8624195658771,	-4.394101628602
	636,	0.937320937471,	-2.159339528945
	637,	1.1107844255536,	-2.474564043858
	638,	1.2844363723594,	-2.790243538376
	639,	1.4580883191652,	-3.105923032893
	640,	1.3245945424825,	-2.422096861308
	641,	1.5339372931048,	-2.360861978713
	642,	1.7381385430029,	-2.291236929486
	643,	1.936834867921,	-2.21392998631
	644,	1.2884367677177,	-2.031389622664
	645,	1.115392435349,	-2.100297759725
	646,	1.6166718667691,	-1.865958518
	647,	1.4556953253514,	-1.95303995934
	648,	1.5340202246722,	-2.744334753644
	649,	1.7796951314667,	-2.690754231374
	650,	2.0208712251275,	-2.6298323133
	651,	2.2572305094308,	-2.562188738021
	652,	2.0254529698286,	-3.020646484034
	653,	1.7434459068619,	-3.066572645981
	654,	2.5776261509407,	-2.910447489733
	655,	2.3036039072522,	-2.968427697115
	656,	0.225225159128,	-2.591531091283
	657,	0.4496782635085,	-2.576406514408
	658,	0.6725920183679,	-2.551957448445
	659,	0.8932086195347,	-2.517940048735
	660,	0.3809650851612,	-2.273943732007
	661,	0.1909169424856,	-2.29084011931
	662,	0.755011877456,	-2.208150918183
	663,	0.5692809846563,	-2.246430988992
	664,	0.5872586976314,	-3.182304885806
	665,	0.5184684805699,	-2.879355700107
	666,	0.293918869346,	-3.193648318462
	667,	0.259572014237,	-2.892589704873
	668,	1.169906464651,	-3.138455036551
	669,	0.879444013776,	-3.163968086334
	670,	1.0315575420929,	-2.828197542643
	671,	0.7760180160719,	-2.85796276739
	672,	5,	-4.502378950763
	673,	5,	-4.004757901526
	674,	5,	-3.507136852289
	675,	5,	-3.009515803052
	676,	5,	-2.511894753814
	677,	5,	-2.014273704577
	678,	5,	-1.51665265534
	679,	5,	-1.019031606103
	680,	5,	-0.521410556866
	681,	5,	-0.023789507629
	682,	4.7,	-0.021410556866
	683,	4.4,	-0.019031606103
	684,	4.1,	-0.01665265534
	685,	3.8,	-0.014273704577
	686,	3.5,	-0.011894753814
	687,	3.2,	-0.009515803052
	688,	2.9,	-0.007136852289
	689,	2.6,	-0.004757901526
	690,	2.3,	-0.002378950763
	691,	2,	-8.8817842E-16
	692,	1.9938346674663,	-0.156918191456
	693,	1.9753766811903,	-0.31286893008
	694,	1.9447398407954,	-0.466890727712
	695,	1.9021130325903,	-0.61803398875
	696,	1.8477590650226,	-0.76536686473
	697,	1.7820130483767,	-0.907980999479
	698,	1.7052803287082,	-1.044997129432
	699,	1.6180339887499,	-1.175570504585
	700,	1.5208119312001,	-1.29889609666
	701,	3.494706932052,	-0.338971002888
	702,	3.4852540715051,	-0.665564717744
	703,	3.4699734052784,	-0.99119633915
	704,	3.4487125304594,	-1.315392239498
	705,	3.4216025274111,	-1.637687642878
	706,	3.3888105383174,	-1.957629490577
	707,	3.3505387366954,	-2.274779234335
	708,	3.307023080929,	-2.58871554014
	709,	3.2587062414439,	-2.899211267832
	710,	3.7372820219289,	-1.812529065066
	711,	4.0529615164466,	-1.987370487253
	712,	4.3686410109644,	-2.16221190944
	713,	4.6843205054822,	-2.337053331627
	714,	3.788203257204,	-0.736258095416
	715,	4.091152442903,	-0.806951473088
	716,	4.394101628602,	-0.87764485076
	717,	4.697050814301,	-0.948338228431
	718,	4.0968241592312,	-0.411946824479
	719,	3.7957655456416,	-0.375458913684
	720,	4.3978827728208,	-0.448434735275
	721,	4.6989413864104,	-0.48492264607
	722,	4.0692275182756,	-1.59494482553
	723,	4.0819840431671,	-1.201378865626
	724,	3.7589700243675,	-1.455168532514
	725,	3.7759787242227,	-1.096287602388
	726,	4.6897425060919,	-1.874497411562
	727,	4.3794850121838,	-1.734721118546
	728,	4.6939946810557,	-1.411561392102
	729,	4.3879893621114,	-1.306470128864
	730,	3.9552237448663,	-3.540478341004
	731,	3.9842138485574,	-3.155132484694
	732,	4.0103232420173,	-2.767722281516
	733,	4.0332863229904,	-2.378384015567
	734,	3.6456184647432,	-2.871924012417
	735,	3.6069649931551,	-3.219844804418
	736,	3.6804309893564,	-2.521250757926
	737,	3.7110484306539,	-2.168006753072
	738,	4.6614046161858,	-3.721549429249
	739,	4.3228092323716,	-3.438340956971
	740,	4.6517412482888,	-4.181745414177
	741,	4.3034824965776,	-3.86111187759
	742,	4.6701077473391,	-3.260665328698
	743,	4.3402154946782,	-3.014193805107
	744,	4.6777621076635,	-2.799138540557
	745,	4.355524215327,	-2.588761278062
	746,	2.1593395289454,	-0.938510412852
	747,	2.4745640438577,	-1.113163376316
	748,	2.7902435383755,	-1.288004798504
	749,	3.1059230328933,	-1.462846220691
	750,	2.517940048735,	-0.89606336045
	751,	2.5519574484455,	-0.675922549436
	752,	2.5764065144081,	-0.453484584729
	753,	2.5915310912832,	-0.229507270501
	754,	2.2464309889922,	-0.57094625019
	755,	2.208150918183,	-0.756439247914
	756,	2.2908401193096,	-0.193057998172
	757,	2.273943732007,	-0.382868245771
	758,	3.1639680863341,	-0.886105075912
	759,	2.8579627673898,	-0.781013812674
	760,	3.1384550365512,	-1.175615946482
	761,	2.8281975426431,	-1.035839653466
	762,	3.1936483184624,	-0.302483092092
	763,	3.1823048858061,	-0.594871340073
	764,	2.8925897048728,	-0.265995181297
	765,	2.8793557001071,	-0.524177962401
	766,	2.2139299863102,	-1.937310658074
	767,	2.2912369294863,	-1.739090123308
	768,	2.3608619787127,	-1.535364663562
	769,	2.4220968613078,	-1.326497703093
	770,	1.9530399593396,	-1.456171115504
	771,	1.8659585180004,	-1.616909761845
	772,	2.1002977597254,	-1.116344015654
	773,	2.0313896226638,	-1.289150452946
	774,	2.5621887380214,	-2.25794419466
	775,	2.6298323133006,	-2.022298595585
	776,	2.6907542313736,	-1.781836187153
	777,	2.7443347536443,	-1.536874965588
	778,	2.9684276971148,	-2.305507067862
	779,	2.9104474897326,	-2.578577731246
	780,	3.0206464840345,	-2.028307710744
	781,	3.0665726459808,	-1.747252228082
	782,	5,	0.4785894431338
	783,	5,	0.9809683938967
	784,	5,	1.4833473446596
	785,	5,	1.9857262954226
	786,	5,	2.4881052461855
	787,	5,	2.9904841969484
	788,	5,	3.4928631477113
	789,	5,	3.9952420984742
	790,	5,	4.4976210492371
	791,	1.520981018887,	1.2986980943181
	792,	1.6181700179809,	1.1753832536273
	793,	1.7053861335199,	1.0448244520482
	794,	1.7820918471007,	0.9078263316832
	795,	1.8478144165878,	0.7652332205611
	796,	1.9021487896537,	0.6179239289905
	797,	1.9447601001411,	0.4668063333968
	798,	1.9753857318645,	0.3128117810223
	799,	1.9938369371301,	0.1568893499749
	800,	3.2588268230334,	2.8966984613593
	801,	3.3071233020023,	2.583833134168
	802,	3.3506199672895,	2.2675290425647
	803,	3.3888743788688,	1.9480132238629
	804,	3.4216507480185,	1.6257068019866
	805,	3.4487470475396,	1.3010480995251
	806,	3.4699962568596,	0.974489936321
	807,	3.4852673913906,	0.646496838713
	808,	3.49471283231,	0.3175421766305
	809,	3.7373205984128,	1.7981864908252
	810,	4.0529904488093,	1.9706661796651
	811,	4.3686602992062,	2.1431458685052
	812,	4.6843301496031,	2.3156255573454
	813,	4.0333246273196,	2.365001613096
	814,	4.0103719803724,	2.7576626846224
	815,	3.9842739812005,	3.1483967198898
	816,	3.9552960938196,	3.53706749651
	817,	3.6804959738302,	2.5125958635929
	818,	3.7110995030932,	2.1565074184788
	819,	3.6456986416009,	2.8661149270284
	820,	3.6070614584262,	3.2168829789344
	821,	4.6701239934575,	3.2477963266816
	822,	4.3402479869149,	3.002729505652
	823,	4.6777748757732,	2.7819900023309
	824,	4.3555497515464,	2.5734958077135
	825,	4.6517653646065,	4.1774365316614
	826,	4.6614246604002,	3.7129603056127
	827,	4.3035307292131,	3.8572520140857
	828,	4.3228493208003,	3.4306785127512
	829,	3.7759970054863,	1.0762614179882
	830,	4.0819977541145,	1.178032899656
	831,	4.387998502743,	1.2798043813239
	832,	4.6939992513715,	1.3815758629918
	833,	4.0692482285221,	1.5749193778833
	834,	3.7589976380298,	1.4379837387037
	835,	4.3794988190148,	1.7118550170631
	836,	4.6897494095074,	1.8487906562428
	837,	4.0968276993856,	0.3819610832318
	838,	4.0911604348335,	0.7802854607863
	839,	3.7957702658475,	0.3497516299311
	840,	3.7882139131115,	0.7133911497495
	841,	4.6989425664619,	0.4463799898331
	842,	4.3978851329237,	0.4141705365324
	843,	4.6970534782778,	0.9140740828599
	844,	4.3941069565557,	0.8471797718231
	845,	2.1594135162666,	0.9359890602322
	846,	2.4746396148298,	1.1082693176095
	847,	2.7903110472409,	1.2807474243152
	848,	3.1059808976285,	1.4532271131502
	849,	2.4221971077856,	1.322532538582
	850,	2.3609897328513,	1.5323307944731
	851,	2.2913947519816,	1.736990287004
	852,	2.214120860231,	1.9361469654081
	853,	2.0315179908042,	1.2875366542117
	854,	2.1003973434334,	1.1142750886624
	855,	1.866154289225,	1.6162141103723
	856,	1.9531999944367,	1.4550155259879
	857,	3.0207439607519,	2.0224622215386
	858,	2.6908679542165,	1.7773954005141
	859,	3.0666492546482,	1.7395190292494
	860,	2.7444241304302,	1.5310248346376
	861,	2.9105921876416,	2.5765139437851
	862,	2.9685479624058,	2.3015513413092
	863,	2.5623575522507,	2.2563294262116
	864,	2.629972622811,	2.0192695484517
	865,	2.5915402152962,	0.2209141331552
	866,	2.5764271934254,	0.4458145384569
	867,	2.5519930617763,	0.6691764406006
	868,	2.5179940104647,	0.8902424476991
	869,	2.2739624687788,	0.3790016537114
	870,	2.290848074038,	0.188745512
	871,	2.2082027606454,	0.7534677658954
	872,	2.2464643571157,	0.5675265048371
	873,	3.1823208696714,	0.579602527677
	874,	2.8793743479533,	0.5127082166413
	875,	3.1936553987734,	0.2853327233301
	876,	2.8925979652372,	0.2531232700298
	877,	3.138496457053,	1.1641124603481
	878,	3.1639955082357,	0.8727184546548
	879,	2.8282458665686,	1.0271768211721
	880,	2.8579947596133,	0.7709469729891
*ELEMENT,TYPE=S3
	2400,	58,	59,	54
	2399,	55,	58,	54
	2398,	59,	41,	42
	2397,	54,	59,	42
	2396,	14,	15,	59
	2395,	58,	14,	59
	2394,	15,	16,	41
	2393,	59,	15,	41
	2392,	60,	58,	55
	2391,	56,	60,	55
	2390,	13,	14,	58
	2389,	60,	13,	58
	2388,	10,	61,	57
	2387,	9,	10,	57
	2386,	61,	60,	56
	2385,	57,	61,	56
	2384,	11,	12,	61
	2383,	10,	11,	61
	2382,	12,	13,	60
	2381,	61,	12,	60
	2380,	62,	64,	50
	2379,	51,	62,	50
	2378,	64,	44,	45
	2377,	50,	64,	45
	2376,	63,	65,	64
	2375,	62,	63,	64
	2374,	65,	43,	44
	2373,	64,	65,	44
	2372,	55,	54,	65
	2371,	63,	55,	65
	2370,	54,	42,	43
	2369,	65,	54,	43
	2368,	7,	66,	53
	2367,	6,	7,	53
	2366,	66,	67,	52
	2365,	53,	66,	52
	2364,	67,	62,	51
	2363,	52,	67,	51
	2362,	68,	8,	9
	2361,	57,	68,	9
	2360,	66,	7,	8
	2359,	68,	66,	8
	2358,	63,	69,	56
	2357,	55,	63,	56
	2356,	69,	68,	57
	2355,	56,	69,	57
	2354,	62,	67,	69
	2353,	63,	62,	69
	2352,	67,	66,	68
	2351,	69,	67,	68
	2350,	75,	70,	71
	2349,	74,	75,	71
	2348,	37,	38,	70
	2347,	75,	37,	70
	2346,	49,	75,	74
	2345,	48,	49,	74
	2344,	36,	37,	75
	2343,	49,	36,	75
	2342,	72,	76,	74
	2341,	71,	72,	74
	2340,	76,	47,	48
	2339,	74,	76,	48
	2338,	77,	73,	51
	2337,	50,	77,	51
	2336,	76,	72,	73
	2335,	77,	76,	73
	2334,	46,	77,	50
	2333,	45,	46,	50
	2332,	47,	76,	77
	2331,	46,	47,	77
	2330,	80,	2,	3
	2329,	78,	80,	3
	2328,	40,	1,	2
	2327,	80,	40,	2
	2326,	81,	80,	78
	2325,	79,	81,	78
	2324,	39,	40,	80
	2323,	81,	39,	80
	2322,	70,	81,	79
	2321,	71,	70,	79
	2320,	38,	39,	81
	2319,	70,	38,	81
	2318,	4,	82,	78
	2317,	3,	4,	78
	2316,	82,	83,	79
	2315,	78,	82,	79
	2314,	83,	72,	71
	2313,	79,	83,	71
	2312,	84,	5,	6
	2311,	53,	84,	6
	2310,	82,	4,	5
	2309,	84,	82,	5
	2308,	73,	85,	52
	2307,	51,	73,	52
	2306,	85,	84,	53
	2305,	52,	85,	53
	2304,	72,	83,	85
	2303,	73,	72,	85
	2302,	83,	82,	84
	2301,	85,	83,	84
	2300,	95,	90,	91
	2299,	94,	95,	91
	2298,	86,	87,	90
	2297,	95,	86,	90
	2296,	25,	95,	94
	2295,	24,	25,	94
	2294,	26,	86,	95
	2293,	25,	26,	95
	2292,	96,	93,	19
	2291,	20,	96,	19
	2290,	97,	92,	93
	2289,	96,	97,	93
	2288,	94,	91,	92
	2287,	97,	94,	92
	2286,	22,	96,	20
	2285,	21,	22,	20
	2284,	23,	97,	96
	2283,	22,	23,	96
	2282,	24,	94,	97
	2281,	23,	24,	97
	2280,	100,	44,	43
	2279,	98,	100,	43
	2278,	89,	45,	44
	2277,	100,	89,	44
	2276,	101,	100,	98
	2275,	99,	101,	98
	2274,	88,	89,	100
	2273,	101,	88,	100
	2272,	90,	101,	99
	2271,	91,	90,	99
	2270,	87,	88,	101
	2269,	90,	87,	101
	2268,	102,	41,	16
	2267,	17,	102,	16
	2266,	103,	42,	41
	2265,	102,	103,	41
	2264,	98,	43,	42
	2263,	103,	98,	42
	2262,	93,	104,	18
	2261,	19,	93,	18
	2260,	104,	102,	17
	2259,	18,	104,	17
	2258,	105,	92,	91
	2257,	99,	105,	91
	2256,	104,	93,	92
	2255,	105,	104,	92
	2254,	103,	105,	99
	2253,	98,	103,	99
	2252,	102,	104,	105
	2251,	103,	102,	105
	2250,	111,	106,	107
	2249,	110,	111,	107
	2248,	32,	33,	106
	2247,	111,	32,	106
	2246,	30,	111,	110
	2245,	29,	30,	110
	2244,	31,	32,	111
	2243,	30,	31,	111
	2242,	112,	109,	87
	2241,	86,	112,	87
	2240,	113,	108,	109
	2239,	112,	113,	109
	2238,	110,	107,	108
	2237,	113,	110,	108
	2236,	27,	112,	86
	2235,	26,	27,	86
	2234,	28,	113,	112
	2233,	27,	28,	112
	2232,	29,	110,	113
	2231,	28,	29,	113
	2230,	114,	106,	33
	2229,	34,	114,	33
	2228,	115,	107,	106
	2227,	114,	115,	106
	2226,	116,	108,	107
	2225,	115,	116,	107
	2224,	117,	109,	108
	2223,	116,	117,	108
	2222,	88,	87,	109
	2221,	117,	88,	109
	2220,	119,	49,	48
	2219,	118,	119,	48
	2218,	35,	36,	49
	2217,	119,	35,	49
	2216,	114,	119,	118
	2215,	115,	114,	118
	2214,	34,	35,	119
	2213,	114,	34,	119
	2212,	47,	120,	118
	2211,	48,	47,	118
	2210,	120,	116,	115
	2209,	118,	120,	115
	2208,	121,	46,	45
	2207,	89,	121,	45
	2206,	120,	47,	46
	2205,	121,	120,	46
	2204,	117,	121,	89
	2203,	88,	117,	89
	2202,	116,	120,	121
	2201,	117,	116,	121
	2200,	168,	164,	165
	2199,	168,	169,	164
	2198,	169,	161,	164
	2197,	169,	160,	161
	2196,	153,	169,	168
	2195,	153,	154,	169
	2194,	154,	160,	169
	2193,	154,	155,	160
	2192,	165,	170,	168
	2191,	165,	166,	170
	2190,	168,	152,	153
	2189,	168,	170,	152
	2188,	135,	167,	134
	2187,	135,	171,	167
	2186,	171,	166,	167
	2185,	171,	170,	166
	2184,	136,	171,	135
	2183,	136,	151,	171
	2182,	151,	170,	171
	2181,	151,	152,	170
	2180,	172,	127,	128
	2179,	172,	174,	127
	2178,	174,	126,	127
	2177,	174,	163,	126
	2176,	165,	175,	173
	2175,	165,	164,	175
	2174,	173,	174,	172
	2173,	173,	175,	174
	2172,	164,	162,	175
	2171,	164,	161,	162
	2170,	175,	163,	174
	2169,	175,	162,	163
	2168,	132,	130,	131
	2167,	132,	176,	130
	2166,	176,	129,	130
	2165,	176,	177,	129
	2164,	177,	128,	129
	2163,	177,	172,	128
	2162,	134,	178,	133
	2161,	134,	167,	178
	2160,	133,	176,	132
	2159,	133,	178,	176
	2158,	173,	166,	165
	2157,	173,	179,	166
	2156,	179,	167,	166
	2155,	179,	178,	167
	2154,	172,	179,	173
	2153,	172,	177,	179
	2152,	177,	178,	179
	2151,	177,	176,	178
	2150,	181,	185,	180
	2149,	181,	184,	185
	2148,	180,	156,	157
	2147,	180,	185,	156
	2146,	184,	160,	185
	2145,	184,	161,	160
	2144,	185,	155,	156
	2143,	185,	160,	155
	2142,	182,	184,	181
	2141,	182,	186,	184
	2140,	186,	161,	184
	2139,	186,	162,	161
	2138,	124,	187,	183
	2137,	124,	125,	187
	2136,	183,	186,	182
	2135,	183,	187,	186
	2134,	125,	163,	187
	2133,	125,	126,	163
	2132,	187,	162,	186
	2131,	187,	163,	162
	2130,	14,	190,	15
	2129,	14,	188,	190
	2128,	15,	159,	16
	2127,	15,	190,	159
	2126,	188,	191,	190
	2125,	188,	189,	191
	2124,	190,	158,	159
	2123,	190,	191,	158
	2122,	189,	180,	191
	2121,	189,	181,	180
	2120,	191,	157,	158
	2119,	191,	180,	157
	2118,	11,	192,	12
	2117,	11,	122,	192
	2116,	12,	193,	13
	2115,	12,	192,	193
	2114,	13,	188,	14
	2113,	13,	193,	188
	2112,	183,	123,	124
	2111,	183,	194,	123
	2110,	194,	122,	123
	2109,	194,	192,	122
	2108,	181,	195,	182
	2107,	181,	189,	195
	2106,	182,	194,	183
	2105,	182,	195,	194
	2104,	189,	193,	195
	2103,	189,	188,	193
	2102,	195,	192,	194
	2101,	195,	193,	192
	2100,	204,	200,	201
	2099,	204,	205,	200
	2098,	205,	197,	200
	2097,	205,	196,	197
	2096,	144,	205,	204
	2095,	144,	145,	205
	2094,	145,	196,	205
	2093,	145,	146,	196
	2092,	140,	203,	139
	2091,	140,	206,	203
	2090,	206,	202,	203
	2089,	206,	207,	202
	2088,	207,	201,	202
	2087,	207,	204,	201
	2086,	141,	206,	140
	2085,	141,	142,	206
	2084,	142,	207,	206
	2083,	142,	143,	207
	2082,	143,	204,	207
	2081,	143,	144,	204
	2080,	198,	200,	197
	2079,	198,	208,	200
	2078,	208,	201,	200
	2077,	208,	209,	201
	2076,	209,	202,	201
	2075,	209,	210,	202
	2074,	210,	203,	202
	2073,	210,	211,	203
	2072,	211,	139,	203
	2071,	211,	138,	139
	2070,	212,	154,	153
	2069,	212,	213,	154
	2068,	213,	155,	154
	2067,	213,	199,	155
	2066,	209,	213,	212
	2065,	209,	208,	213
	2064,	208,	199,	213
	2063,	208,	198,	199
	2062,	137,	151,	136
	2061,	137,	214,	151
	2060,	214,	152,	151
	2059,	214,	215,	152
	2058,	215,	153,	152
	2057,	215,	212,	153
	2056,	138,	214,	137
	2055,	138,	211,	214
	2054,	211,	215,	214
	2053,	211,	210,	215
	2052,	210,	212,	215
	2051,	210,	209,	212
	2050,	220,	216,	217
	2049,	220,	221,	216
	2048,	221,	19,	216
	2047,	221,	20,	19
	2046,	149,	221,	220
	2045,	149,	150,	221
	2044,	150,	20,	221
	2043,	150,	21,	20
	2042,	196,	219,	197
	2041,	196,	222,	219
	2040,	222,	218,	219
	2039,	222,	223,	218
	2038,	223,	217,	218
	2037,	223,	220,	217
	2036,	146,	222,	196
	2035,	146,	147,	222
	2034,	147,	223,	222
	2033,	147,	148,	223
	2032,	148,	220,	223
	2031,	148,	149,	220
	2030,	224,	159,	158
	2029,	224,	226,	159
	2028,	226,	16,	159
	2027,	226,	17,	16
	2026,	225,	226,	224
	2025,	225,	227,	226
	2024,	227,	17,	226
	2023,	227,	18,	17
	2022,	217,	227,	225
	2021,	217,	216,	227
	2020,	216,	18,	227
	2019,	216,	19,	18
	2018,	199,	156,	155
	2017,	199,	228,	156
	2016,	228,	157,	156
	2015,	228,	229,	157
	2014,	229,	158,	157
	2013,	229,	224,	158
	2012,	197,	230,	198
	2011,	197,	219,	230
	2010,	198,	228,	199
	2009,	198,	230,	228
	2008,	225,	218,	217
	2007,	225,	231,	218
	2006,	231,	219,	218
	2005,	231,	230,	219
	2004,	224,	231,	225
	2003,	224,	229,	231
	2002,	229,	230,	231
	2001,	229,	228,	230
	2000,	278,	279,	274
	1999,	275,	278,	274
	1998,	279,	261,	262
	1997,	274,	279,	262
	1996,	244,	245,	279
	1995,	278,	244,	279
	1994,	245,	246,	261
	1993,	279,	245,	261
	1992,	280,	278,	275
	1991,	276,	280,	275
	1990,	243,	244,	278
	1989,	280,	243,	278
	1988,	240,	281,	277
	1987,	239,	240,	277
	1986,	281,	280,	276
	1985,	277,	281,	276
	1984,	241,	242,	281
	1983,	240,	241,	281
	1982,	242,	243,	280
	1981,	281,	242,	280
	1980,	282,	284,	270
	1979,	271,	282,	270
	1978,	284,	264,	265
	1977,	270,	284,	265
	1976,	283,	285,	284
	1975,	282,	283,	284
	1974,	285,	263,	264
	1973,	284,	285,	264
	1972,	275,	274,	285
	1971,	283,	275,	285
	1970,	274,	262,	263
	1969,	285,	274,	263
	1968,	237,	286,	273
	1967,	236,	237,	273
	1966,	286,	287,	272
	1965,	273,	286,	272
	1964,	287,	282,	271
	1963,	272,	287,	271
	1962,	288,	238,	239
	1961,	277,	288,	239
	1960,	286,	237,	238
	1959,	288,	286,	238
	1958,	283,	289,	276
	1957,	275,	283,	276
	1956,	289,	288,	277
	1955,	276,	289,	277
	1954,	282,	287,	289
	1953,	283,	282,	289
	1952,	287,	286,	288
	1951,	289,	287,	288
	1950,	295,	290,	291
	1949,	294,	295,	291
	1948,	135,	134,	290
	1947,	295,	135,	290
	1946,	269,	295,	294
	1945,	268,	269,	294
	1944,	136,	135,	295
	1943,	269,	136,	295
	1942,	292,	296,	294
	1941,	291,	292,	294
	1940,	296,	267,	268
	1939,	294,	296,	268
	1938,	297,	293,	271
	1937,	270,	297,	271
	1936,	296,	292,	293
	1935,	297,	296,	293
	1934,	266,	297,	270
	1933,	265,	266,	270
	1932,	267,	296,	297
	1931,	266,	267,	297
	1930,	300,	232,	233
	1929,	298,	300,	233
	1928,	132,	131,	232
	1927,	300,	132,	232
	1926,	301,	300,	298
	1925,	299,	301,	298
	1924,	133,	132,	300
	1923,	301,	133,	300
	1922,	290,	301,	299
	1921,	291,	290,	299
	1920,	134,	133,	301
	1919,	290,	134,	301
	1918,	234,	302,	298
	1917,	233,	234,	298
	1916,	302,	303,	299
	1915,	298,	302,	299
	1914,	303,	292,	291
	1913,	299,	303,	291
	1912,	304,	235,	236
	1911,	273,	304,	236
	1910,	302,	234,	235
	1909,	304,	302,	235
	1908,	293,	305,	272
	1907,	271,	293,	272
	1906,	305,	304,	273
	1905,	272,	305,	273
	1904,	292,	303,	305
	1903,	293,	292,	305
	1902,	303,	302,	304
	1901,	305,	303,	304
	1900,	315,	310,	311
	1899,	314,	315,	311
	1898,	306,	307,	310
	1897,	315,	306,	310
	1896,	255,	315,	314
	1895,	254,	255,	314
	1894,	256,	306,	315
	1893,	255,	256,	315
	1892,	316,	313,	249
	1891,	250,	316,	249
	1890,	317,	312,	313
	1889,	316,	317,	313
	1888,	314,	311,	312
	1887,	317,	314,	312
	1886,	252,	316,	250
	1885,	251,	252,	250
	1884,	253,	317,	316
	1883,	252,	253,	316
	1882,	254,	314,	317
	1881,	253,	254,	317
	1880,	320,	264,	263
	1879,	318,	320,	263
	1878,	309,	265,	264
	1877,	320,	309,	264
	1876,	321,	320,	318
	1875,	319,	321,	318
	1874,	308,	309,	320
	1873,	321,	308,	320
	1872,	310,	321,	319
	1871,	311,	310,	319
	1870,	307,	308,	321
	1869,	310,	307,	321
	1868,	322,	261,	246
	1867,	247,	322,	246
	1866,	323,	262,	261
	1865,	322,	323,	261
	1864,	318,	263,	262
	1863,	323,	318,	262
	1862,	313,	324,	248
	1861,	249,	313,	248
	1860,	324,	322,	247
	1859,	248,	324,	247
	1858,	325,	312,	311
	1857,	319,	325,	311
	1856,	324,	313,	312
	1855,	325,	324,	312
	1854,	323,	325,	319
	1853,	318,	323,	319
	1852,	322,	324,	325
	1851,	323,	322,	325
	1850,	331,	326,	327
	1849,	330,	331,	327
	1848,	140,	139,	326
	1847,	331,	140,	326
	1846,	260,	331,	330
	1845,	259,	260,	330
	1844,	141,	140,	331
	1843,	260,	141,	331
	1842,	332,	329,	307
	1841,	306,	332,	307
	1840,	333,	328,	329
	1839,	332,	333,	329
	1838,	330,	327,	328
	1837,	333,	330,	328
	1836,	257,	332,	306
	1835,	256,	257,	306
	1834,	258,	333,	332
	1833,	257,	258,	332
	1832,	259,	330,	333
	1831,	258,	259,	333
	1830,	334,	326,	139
	1829,	138,	334,	139
	1828,	335,	327,	326
	1827,	334,	335,	326
	1826,	336,	328,	327
	1825,	335,	336,	327
	1824,	337,	329,	328
	1823,	336,	337,	328
	1822,	308,	307,	329
	1821,	337,	308,	329
	1820,	339,	269,	268
	1819,	338,	339,	268
	1818,	137,	136,	269
	1817,	339,	137,	269
	1816,	334,	339,	338
	1815,	335,	334,	338
	1814,	138,	137,	339
	1813,	334,	138,	339
	1812,	267,	340,	338
	1811,	268,	267,	338
	1810,	340,	336,	335
	1809,	338,	340,	335
	1808,	341,	266,	265
	1807,	309,	341,	265
	1806,	340,	267,	266
	1805,	341,	340,	266
	1804,	337,	341,	309
	1803,	308,	337,	309
	1802,	336,	340,	341
	1801,	337,	336,	341
	1800,	388,	384,	385
	1799,	388,	389,	384
	1798,	389,	381,	384
	1797,	389,	380,	381
	1796,	373,	389,	388
	1795,	373,	374,	389
	1794,	374,	380,	389
	1793,	374,	375,	380
	1792,	385,	390,	388
	1791,	385,	386,	390
	1790,	388,	372,	373
	1789,	388,	390,	372
	1788,	355,	387,	354
	1787,	355,	391,	387
	1786,	391,	386,	387
	1785,	391,	390,	386
	1784,	356,	391,	355
	1783,	356,	371,	391
	1782,	371,	390,	391
	1781,	371,	372,	390
	1780,	392,	347,	348
	1779,	392,	394,	347
	1778,	394,	346,	347
	1777,	394,	383,	346
	1776,	385,	395,	393
	1775,	385,	384,	395
	1774,	393,	394,	392
	1773,	393,	395,	394
	1772,	384,	382,	395
	1771,	384,	381,	382
	1770,	395,	383,	394
	1769,	395,	382,	383
	1768,	352,	350,	351
	1767,	352,	396,	350
	1766,	396,	349,	350
	1765,	396,	397,	349
	1764,	397,	348,	349
	1763,	397,	392,	348
	1762,	354,	398,	353
	1761,	354,	387,	398
	1760,	353,	396,	352
	1759,	353,	398,	396
	1758,	393,	386,	385
	1757,	393,	399,	386
	1756,	399,	387,	386
	1755,	399,	398,	387
	1754,	392,	399,	393
	1753,	392,	397,	399
	1752,	397,	398,	399
	1751,	397,	396,	398
	1750,	401,	405,	400
	1749,	401,	404,	405
	1748,	400,	376,	377
	1747,	400,	405,	376
	1746,	404,	380,	405
	1745,	404,	381,	380
	1744,	405,	375,	376
	1743,	405,	380,	375
	1742,	402,	404,	401
	1741,	402,	406,	404
	1740,	406,	381,	404
	1739,	406,	382,	381
	1738,	344,	407,	403
	1737,	344,	345,	407
	1736,	403,	406,	402
	1735,	403,	407,	406
	1734,	345,	383,	407
	1733,	345,	346,	383
	1732,	407,	382,	406
	1731,	407,	383,	382
	1730,	244,	410,	245
	1729,	244,	408,	410
	1728,	245,	379,	246
	1727,	245,	410,	379
	1726,	408,	411,	410
	1725,	408,	409,	411
	1724,	410,	378,	379
	1723,	410,	411,	378
	1722,	409,	400,	411
	1721,	409,	401,	400
	1720,	411,	377,	378
	1719,	411,	400,	377
	1718,	241,	412,	242
	1717,	241,	342,	412
	1716,	242,	413,	243
	1715,	242,	412,	413
	1714,	243,	408,	244
	1713,	243,	413,	408
	1712,	403,	343,	344
	1711,	403,	414,	343
	1710,	414,	342,	343
	1709,	414,	412,	342
	1708,	401,	415,	402
	1707,	401,	409,	415
	1706,	402,	414,	403
	1705,	402,	415,	414
	1704,	409,	413,	415
	1703,	409,	408,	413
	1702,	415,	412,	414
	1701,	415,	413,	412
	1700,	424,	420,	421
	1699,	424,	425,	420
	1698,	425,	417,	420
	1697,	425,	416,	417
	1696,	364,	425,	424
	1695,	364,	365,	425
	1694,	365,	416,	425
	1693,	365,	366,	416
	1692,	360,	423,	359
	1691,	360,	426,	423
	1690,	426,	422,	423
	1689,	426,	427,	422
	1688,	427,	421,	422
	1687,	427,	424,	421
	1686,	361,	426,	360
	1685,	361,	362,	426
	1684,	362,	427,	426
	1683,	362,	363,	427
	1682,	363,	424,	427
	1681,	363,	364,	424
	1680,	418,	420,	417
	1679,	418,	428,	420
	1678,	428,	421,	420
	1677,	428,	429,	421
	1676,	429,	422,	421
	1675,	429,	430,	422
	1674,	430,	423,	422
	1673,	430,	431,	423
	1672,	431,	359,	423
	1671,	431,	358,	359
	1670,	432,	374,	373
	1669,	432,	433,	374
	1668,	433,	375,	374
	1667,	433,	419,	375
	1666,	429,	433,	432
	1665,	429,	428,	433
	1664,	428,	419,	433
	1663,	428,	418,	419
	1662,	357,	371,	356
	1661,	357,	434,	371
	1660,	434,	372,	371
	1659,	434,	435,	372
	1658,	435,	373,	372
	1657,	435,	432,	373
	1656,	358,	434,	357
	1655,	358,	431,	434
	1654,	431,	435,	434
	1653,	431,	430,	435
	1652,	430,	432,	435
	1651,	430,	429,	432
	1650,	440,	436,	437
	1649,	440,	441,	436
	1648,	441,	249,	436
	1647,	441,	250,	249
	1646,	369,	441,	440
	1645,	369,	370,	441
	1644,	370,	250,	441
	1643,	370,	251,	250
	1642,	416,	439,	417
	1641,	416,	442,	439
	1640,	442,	438,	439
	1639,	442,	443,	438
	1638,	443,	437,	438
	1637,	443,	440,	437
	1636,	366,	442,	416
	1635,	366,	367,	442
	1634,	367,	443,	442
	1633,	367,	368,	443
	1632,	368,	440,	443
	1631,	368,	369,	440
	1630,	444,	379,	378
	1629,	444,	446,	379
	1628,	446,	246,	379
	1627,	446,	247,	246
	1626,	445,	446,	444
	1625,	445,	447,	446
	1624,	447,	247,	446
	1623,	447,	248,	247
	1622,	437,	447,	445
	1621,	437,	436,	447
	1620,	436,	248,	447
	1619,	436,	249,	248
	1618,	419,	376,	375
	1617,	419,	448,	376
	1616,	448,	377,	376
	1615,	448,	449,	377
	1614,	449,	378,	377
	1613,	449,	444,	378
	1612,	417,	450,	418
	1611,	417,	439,	450
	1610,	418,	448,	419
	1609,	418,	450,	448
	1608,	445,	438,	437
	1607,	445,	451,	438
	1606,	451,	439,	438
	1605,	451,	450,	439
	1604,	444,	451,	445
	1603,	444,	449,	451
	1602,	449,	450,	451
	1601,	449,	448,	450
	1600,	498,	499,	494
	1599,	495,	498,	494
	1598,	499,	481,	482
	1597,	494,	499,	482
	1596,	464,	465,	499
	1595,	498,	464,	499
	1594,	465,	466,	481
	1593,	499,	465,	481
	1592,	500,	498,	495
	1591,	496,	500,	495
	1590,	463,	464,	498
	1589,	500,	463,	498
	1588,	460,	501,	497
	1587,	459,	460,	497
	1586,	501,	500,	496
	1585,	497,	501,	496
	1584,	461,	462,	501
	1583,	460,	461,	501
	1582,	462,	463,	500
	1581,	501,	462,	500
	1580,	502,	504,	490
	1579,	491,	502,	490
	1578,	504,	484,	485
	1577,	490,	504,	485
	1576,	503,	505,	504
	1575,	502,	503,	504
	1574,	505,	483,	484
	1573,	504,	505,	484
	1572,	495,	494,	505
	1571,	503,	495,	505
	1570,	494,	482,	483
	1569,	505,	494,	483
	1568,	457,	506,	493
	1567,	456,	457,	493
	1566,	506,	507,	492
	1565,	493,	506,	492
	1564,	507,	502,	491
	1563,	492,	507,	491
	1562,	508,	458,	459
	1561,	497,	508,	459
	1560,	506,	457,	458
	1559,	508,	506,	458
	1558,	503,	509,	496
	1557,	495,	503,	496
	1556,	509,	508,	497
	1555,	496,	509,	497
	1554,	502,	507,	509
	1553,	503,	502,	509
	1552,	507,	506,	508
	1551,	509,	507,	508
	1550,	515,	510,	511
	1549,	514,	515,	511
	1548,	355,	354,	510
	1547,	515,	355,	510
	1546,	489,	515,	514
	1545,	488,	489,	514
	1544,	356,	355,	515
	1543,	489,	356,	515
	1542,	512,	516,	514
	1541,	511,	512,	514
	1540,	516,	487,	488
	1539,	514,	516,	488
	1538,	517,	513,	491
	1537,	490,	517,	491
	1536,	516,	512,	513
	1535,	517,	516,	513
	1534,	486,	517,	490
	1533,	485,	486,	490
	1532,	487,	516,	517
	1531,	486,	487,	517
	1530,	520,	452,	453
	1529,	518,	520,	453
	1528,	352,	351,	452
	1527,	520,	352,	452
	1526,	521,	520,	518
	1525,	519,	521,	518
	1524,	353,	352,	520
	1523,	521,	353,	520
	1522,	510,	521,	519
	1521,	511,	510,	519
	1520,	354,	353,	521
	1519,	510,	354,	521
	1518,	454,	522,	518
	1517,	453,	454,	518
	1516,	522,	523,	519
	1515,	518,	522,	519
	1514,	523,	512,	511
	1513,	519,	523,	511
	1512,	524,	455,	456
	1511,	493,	524,	456
	1510,	522,	454,	455
	1509,	524,	522,	455
	1508,	513,	525,	492
	1507,	491,	513,	492
	1506,	525,	524,	493
	1505,	492,	525,	493
	1504,	512,	523,	525
	1503,	513,	512,	525
	1502,	523,	522,	524
	1501,	525,	523,	524
	1500,	535,	530,	531
	1499,	534,	535,	531
	1498,	526,	527,	530
	1497,	535,	526,	530
	1496,	475,	535,	534
	1495,	474,	475,	534
	1494,	476,	526,	535
	1493,	475,	476,	535
	1492,	536,	533,	469
	1491,	470,	536,	469
	1490,	537,	532,	533
	1489,	536,	537,	533
	1488,	534,	531,	532
	1487,	537,	534,	532
	1486,	472,	536,	470
	1485,	471,	472,	470
	1484,	473,	537,	536
	1483,	472,	473,	536
	1482,	474,	534,	537
	1481,	473,	474,	537
	1480,	540,	484,	483
	1479,	538,	540,	483
	1478,	529,	485,	484
	1477,	540,	529,	484
	1476,	541,	540,	538
	1475,	539,	541,	538
	1474,	528,	529,	540
	1473,	541,	528,	540
	1472,	530,	541,	539
	1471,	531,	530,	539
	1470,	527,	528,	541
	1469,	530,	527,	541
	1468,	542,	481,	466
	1467,	467,	542,	466
	1466,	543,	482,	481
	1465,	542,	543,	481
	1464,	538,	483,	482
	1463,	543,	538,	482
	1462,	533,	544,	468
	1461,	469,	533,	468
	1460,	544,	542,	467
	1459,	468,	544,	467
	1458,	545,	532,	531
	1457,	539,	545,	531
	1456,	544,	533,	532
	1455,	545,	544,	532
	1454,	543,	545,	539
	1453,	538,	543,	539
	1452,	542,	544,	545
	1451,	543,	542,	545
	1450,	551,	546,	547
	1449,	550,	551,	547
	1448,	360,	359,	546
	1447,	551,	360,	546
	1446,	480,	551,	550
	1445,	479,	480,	550
	1444,	361,	360,	551
	1443,	480,	361,	551
	1442,	552,	549,	527
	1441,	526,	552,	527
	1440,	553,	548,	549
	1439,	552,	553,	549
	1438,	550,	547,	548
	1437,	553,	550,	548
	1436,	477,	552,	526
	1435,	476,	477,	526
	1434,	478,	553,	552
	1433,	477,	478,	552
	1432,	479,	550,	553
	1431,	478,	479,	553
	1430,	554,	546,	359
	1429,	358,	554,	359
	1428,	555,	547,	546
	1427,	554,	555,	546
	1426,	556,	548,	547
	1425,	555,	556,	547
	1424,	557,	549,	548
	1423,	556,	557,	548
	1422,	528,	527,	549
	1421,	557,	528,	549
	1420,	559,	489,	488
	1419,	558,	559,	488
	1418,	357,	356,	489
	1417,	559,	357,	489
	1416,	554,	559,	558
	1415,	555,	554,	558
	1414,	358,	357,	559
	1413,	554,	358,	559
	1412,	487,	560,	558
	1411,	488,	487,	558
	1410,	560,	556,	555
	1409,	558,	560,	555
	1408,	561,	486,	485
	1407,	529,	561,	485
	1406,	560,	487,	486
	1405,	561,	560,	486
	1404,	557,	561,	529
	1403,	528,	557,	529
	1402,	556,	560,	561
	1401,	557,	556,	561
	1400,	608,	604,	605
	1399,	608,	609,	604
	1398,	609,	601,	604
	1397,	609,	600,	601
	1396,	593,	609,	608
	1395,	593,	594,	609
	1394,	594,	600,	609
	1393,	594,	595,	600
	1392,	605,	610,	608
	1391,	605,	606,	610
	1390,	608,	592,	593
	1389,	608,	610,	592
	1388,	575,	607,	574
	1387,	575,	611,	607
	1386,	611,	606,	607
	1385,	611,	610,	606
	1384,	576,	611,	575
	1383,	576,	591,	611
	1382,	591,	610,	611
	1381,	591,	592,	610
	1380,	612,	567,	568
	1379,	612,	614,	567
	1378,	614,	566,	567
	1377,	614,	603,	566
	1376,	605,	615,	613
	1375,	605,	604,	615
	1374,	613,	614,	612
	1373,	613,	615,	614
	1372,	604,	602,	615
	1371,	604,	601,	602
	1370,	615,	603,	614
	1369,	615,	602,	603
	1368,	572,	570,	571
	1367,	572,	616,	570
	1366,	616,	569,	570
	1365,	616,	617,	569
	1364,	617,	568,	569
	1363,	617,	612,	568
	1362,	574,	618,	573
	1361,	574,	607,	618
	1360,	573,	616,	572
	1359,	573,	618,	616
	1358,	613,	606,	605
	1357,	613,	619,	606
	1356,	619,	607,	606
	1355,	619,	618,	607
	1354,	612,	619,	613
	1353,	612,	617,	619
	1352,	617,	618,	619
	1351,	617,	616,	618
	1350,	621,	625,	620
	1349,	621,	624,	625
	1348,	620,	596,	597
	1347,	620,	625,	596
	1346,	624,	600,	625
	1345,	624,	601,	600
	1344,	625,	595,	596
	1343,	625,	600,	595
	1342,	622,	624,	621
	1341,	622,	626,	624
	1340,	626,	601,	624
	1339,	626,	602,	601
	1338,	564,	627,	623
	1337,	564,	565,	627
	1336,	623,	626,	622
	1335,	623,	627,	626
	1334,	565,	603,	627
	1333,	565,	566,	603
	1332,	627,	602,	626
	1331,	627,	603,	602
	1330,	464,	630,	465
	1329,	464,	628,	630
	1328,	465,	599,	466
	1327,	465,	630,	599
	1326,	628,	631,	630
	1325,	628,	629,	631
	1324,	630,	598,	599
	1323,	630,	631,	598
	1322,	629,	620,	631
	1321,	629,	621,	620
	1320,	631,	597,	598
	1319,	631,	620,	597
	1318,	461,	632,	462
	1317,	461,	562,	632
	1316,	462,	633,	463
	1315,	462,	632,	633
	1314,	463,	628,	464
	1313,	463,	633,	628
	1312,	623,	563,	564
	1311,	623,	634,	563
	1310,	634,	562,	563
	1309,	634,	632,	562
	1308,	621,	635,	622
	1307,	621,	629,	635
	1306,	622,	634,	623
	1305,	622,	635,	634
	1304,	629,	633,	635
	1303,	629,	628,	633
	1302,	635,	632,	634
	1301,	635,	633,	632
	1300,	644,	640,	641
	1299,	644,	645,	640
	1298,	645,	637,	640
	1297,	645,	636,	637
	1296,	584,	645,	644
	1295,	584,	585,	645
	1294,	585,	636,	645
	1293,	585,	586,	636
	1292,	580,	643,	579
	1291,	580,	646,	643
	1290,	646,	642,	643
	1289,	646,	647,	642
	1288,	647,	641,	642
	1287,	647,	644,	641
	1286,	581,	646,	580
	1285,	581,	582,	646
	1284,	582,	647,	646
	1283,	582,	583,	647
	1282,	583,	644,	647
	1281,	583,	584,	644
	1280,	638,	640,	637
	1279,	638,	648,	640
	1278,	648,	641,	640
	1277,	648,	649,	641
	1276,	649,	642,	641
	1275,	649,	650,	642
	1274,	650,	643,	642
	1273,	650,	651,	643
	1272,	651,	579,	643
	1271,	651,	578,	579
	1270,	652,	594,	593
	1269,	652,	653,	594
	1268,	653,	595,	594
	1267,	653,	639,	595
	1266,	649,	653,	652
	1265,	649,	648,	653
	1264,	648,	639,	653
	1263,	648,	638,	639
	1262,	577,	591,	576
	1261,	577,	654,	591
	1260,	654,	592,	591
	1259,	654,	655,	592
	1258,	655,	593,	592
	1257,	655,	652,	593
	1256,	578,	654,	577
	1255,	578,	651,	654
	1254,	651,	655,	654
	1253,	651,	650,	655
	1252,	650,	652,	655
	1251,	650,	649,	652
	1250,	660,	656,	657
	1249,	660,	661,	656
	1248,	661,	469,	656
	1247,	661,	470,	469
	1246,	589,	661,	660
	1245,	589,	590,	661
	1244,	590,	470,	661
	1243,	590,	471,	470
	1242,	636,	659,	637
	1241,	636,	662,	659
	1240,	662,	658,	659
	1239,	662,	663,	658
	1238,	663,	657,	658
	1237,	663,	660,	657
	1236,	586,	662,	636
	1235,	586,	587,	662
	1234,	587,	663,	662
	1233,	587,	588,	663
	1232,	588,	660,	663
	1231,	588,	589,	660
	1230,	664,	599,	598
	1229,	664,	666,	599
	1228,	666,	466,	599
	1227,	666,	467,	466
	1226,	665,	666,	664
	1225,	665,	667,	666
	1224,	667,	467,	666
	1223,	667,	468,	467
	1222,	657,	667,	665
	1221,	657,	656,	667
	1220,	656,	468,	667
	1219,	656,	469,	468
	1218,	639,	596,	595
	1217,	639,	668,	596
	1216,	668,	597,	596
	1215,	668,	669,	597
	1214,	669,	598,	597
	1213,	669,	664,	598
	1212,	637,	670,	638
	1211,	637,	659,	670
	1210,	638,	668,	639
	1209,	638,	670,	668
	1208,	665,	658,	657
	1207,	665,	671,	658
	1206,	671,	659,	658
	1205,	671,	670,	659
	1204,	664,	671,	665
	1203,	664,	669,	671
	1202,	669,	670,	671
	1201,	669,	668,	670
	1200,	718,	714,	715
	1199,	718,	719,	714
	1198,	719,	702,	714
	1197,	719,	701,	702
	1196,	684,	719,	718
	1195,	684,	685,	719
	1194,	685,	701,	719
	1193,	685,	686,	701
	1192,	715,	720,	718
	1191,	715,	716,	720
	1190,	718,	683,	684
	1189,	718,	720,	683
	1188,	680,	717,	679
	1187,	680,	721,	717
	1186,	721,	716,	717
	1185,	721,	720,	716
	1184,	681,	721,	680
	1183,	681,	682,	721
	1182,	682,	720,	721
	1181,	682,	683,	720
	1180,	722,	710,	711
	1179,	722,	724,	710
	1178,	724,	705,	710
	1177,	724,	704,	705
	1176,	723,	724,	722
	1175,	723,	725,	724
	1174,	725,	704,	724
	1173,	725,	703,	704
	1172,	715,	725,	723
	1171,	715,	714,	725
	1170,	714,	703,	725
	1169,	714,	702,	703
	1168,	677,	713,	676
	1167,	677,	726,	713
	1166,	726,	712,	713
	1165,	726,	727,	712
	1164,	727,	711,	712
	1163,	727,	722,	711
	1162,	679,	728,	678
	1161,	679,	717,	728
	1160,	678,	726,	677
	1159,	678,	728,	726
	1158,	723,	716,	715
	1157,	723,	729,	716
	1156,	729,	717,	716
	1155,	729,	728,	717
	1154,	722,	729,	723
	1153,	722,	727,	729
	1152,	727,	728,	729
	1151,	727,	726,	728
	1150,	731,	735,	730
	1149,	731,	734,	735
	1148,	730,	575,	574
	1147,	730,	735,	575
	1146,	734,	709,	735
	1145,	734,	708,	709
	1144,	735,	576,	575
	1143,	735,	709,	576
	1142,	732,	734,	731
	1141,	732,	736,	734
	1140,	736,	708,	734
	1139,	736,	707,	708
	1138,	711,	737,	733
	1137,	711,	710,	737
	1136,	733,	736,	732
	1135,	733,	737,	736
	1134,	710,	706,	737
	1133,	710,	705,	706
	1132,	737,	707,	736
	1131,	737,	706,	707
	1130,	673,	740,	672
	1129,	673,	738,	740
	1128,	672,	572,	571
	1127,	672,	740,	572
	1126,	738,	741,	740
	1125,	738,	739,	741
	1124,	740,	573,	572
	1123,	740,	741,	573
	1122,	739,	730,	741
	1121,	739,	731,	730
	1120,	741,	574,	573
	1119,	741,	730,	574
	1118,	674,	738,	673
	1117,	674,	742,	738
	1116,	742,	739,	738
	1115,	742,	743,	739
	1114,	743,	731,	739
	1113,	743,	732,	731
	1112,	676,	744,	675
	1111,	676,	713,	744
	1110,	675,	742,	674
	1109,	675,	744,	742
	1108,	733,	712,	711
	1107,	733,	745,	712
	1106,	745,	713,	712
	1105,	745,	744,	713
	1104,	732,	745,	733
	1103,	732,	743,	745
	1102,	743,	744,	745
	1101,	743,	742,	744
	1100,	751,	755,	750
	1099,	751,	754,	755
	1098,	750,	746,	747
	1097,	750,	755,	746
	1096,	754,	695,	755
	1095,	754,	694,	695
	1094,	755,	696,	746
	1093,	755,	695,	696
	1092,	689,	756,	753
	1091,	689,	690,	756
	1090,	753,	757,	752
	1089,	753,	756,	757
	1088,	752,	754,	751
	1087,	752,	757,	754
	1086,	690,	692,	756
	1085,	690,	691,	692
	1084,	756,	693,	757
	1083,	756,	692,	693
	1082,	757,	694,	754
	1081,	757,	693,	694
	1080,	703,	760,	704
	1079,	703,	758,	760
	1078,	704,	749,	705
	1077,	704,	760,	749
	1076,	758,	761,	760
	1075,	758,	759,	761
	1074,	760,	748,	749
	1073,	760,	761,	748
	1072,	759,	750,	761
	1071,	759,	751,	750
	1070,	761,	747,	748
	1069,	761,	750,	747
	1068,	686,	762,	701
	1067,	686,	687,	762
	1066,	701,	763,	702
	1065,	701,	762,	763
	1064,	702,	758,	703
	1063,	702,	763,	758
	1062,	753,	688,	689
	1061,	753,	764,	688
	1060,	764,	687,	688
	1059,	764,	762,	687
	1058,	751,	765,	752
	1057,	751,	759,	765
	1056,	752,	764,	753
	1055,	752,	765,	764
	1054,	759,	763,	765
	1053,	759,	758,	763
	1052,	765,	762,	764
	1051,	765,	763,	762
	1050,	767,	771,	766
	1049,	767,	770,	771
	1048,	766,	580,	579
	1047,	766,	771,	580
	1046,	770,	700,	771
	1045,	770,	699,	700
	1044,	771,	581,	580
	1043,	771,	700,	581
	1042,	747,	772,	769
	1041,	747,	746,	772
	1040,	769,	773,	768
	1039,	769,	772,	773
	1038,	768,	770,	767
	1037,	768,	773,	770
	1036,	746,	697,	772
	1035,	746,	696,	697
	1034,	772,	698,	773
	1033,	772,	697,	698
	1032,	773,	699,	770
	1031,	773,	698,	699
	1030,	579,	774,	766
	1029,	579,	578,	774
	1028,	766,	775,	767
	1027,	766,	774,	775
	1026,	767,	776,	768
	1025,	767,	775,	776
	1024,	768,	777,	769
	1023,	768,	776,	777
	1022,	769,	748,	747
	1021,	769,	777,	748
	1020,	708,	779,	709
	1019,	708,	778,	779
	1018,	709,	577,	576
	1017,	709,	779,	577
	1016,	778,	774,	779
	1015,	778,	775,	774
	1014,	779,	578,	577
	1013,	779,	774,	578
	1012,	707,	778,	708
	1011,	707,	780,	778
	1010,	780,	775,	778
	1009,	780,	776,	775
	1008,	705,	781,	706
	1007,	705,	749,	781
	1006,	706,	780,	707
	1005,	706,	781,	780
	1004,	749,	777,	781
	1003,	749,	748,	777
	1002,	781,	776,	780
	1001,	781,	777,	776
	1000,	817,	818,	813
	999,	814,	817,	813
	998,	818,	809,	810
	997,	813,	818,	810
	996,	802,	803,	818
	995,	817,	802,	818
	994,	803,	804,	809
	993,	818,	803,	809
	992,	819,	817,	814
	991,	815,	819,	814
	990,	801,	802,	817
	989,	819,	801,	817
	988,	37,	820,	816
	987,	38,	37,	816
	986,	820,	819,	815
	985,	816,	820,	815
	984,	36,	800,	820
	983,	37,	36,	820
	982,	800,	801,	819
	981,	820,	800,	819
	980,	821,	823,	787
	979,	788,	821,	787
	978,	823,	812,	786
	977,	787,	823,	786
	976,	824,	822,	814
	975,	813,	824,	814
	974,	823,	821,	822
	973,	824,	823,	822
	972,	811,	824,	813
	971,	810,	811,	813
	970,	812,	823,	824
	969,	811,	812,	824
	968,	40,	825,	790
	967,	1,	40,	790
	966,	825,	826,	789
	965,	790,	825,	789
	964,	826,	821,	788
	963,	789,	826,	788
	962,	827,	39,	38
	961,	816,	827,	38
	960,	825,	40,	39
	959,	827,	825,	39
	958,	822,	828,	815
	957,	814,	822,	815
	956,	828,	827,	816
	955,	815,	828,	816
	954,	821,	826,	828
	953,	822,	821,	828
	952,	826,	825,	827
	951,	828,	826,	827
	950,	834,	829,	830
	949,	833,	834,	830
	948,	805,	806,	829
	947,	834,	805,	829
	946,	809,	834,	833
	945,	810,	809,	833
	944,	804,	805,	834
	943,	809,	804,	834
	942,	831,	835,	833
	941,	830,	831,	833
	940,	835,	811,	810
	939,	833,	835,	810
	938,	836,	832,	784
	937,	785,	836,	784
	936,	835,	831,	832
	935,	836,	835,	832
	934,	812,	836,	785
	933,	786,	812,	785
	932,	811,	835,	836
	931,	812,	811,	836
	930,	839,	685,	684
	929,	837,	839,	684
	928,	808,	686,	685
	927,	839,	808,	685
	926,	840,	839,	837
	925,	838,	840,	837
	924,	807,	808,	839
	923,	840,	807,	839
	922,	829,	840,	838
	921,	830,	829,	838
	920,	806,	807,	840
	919,	829,	806,	840
	918,	841,	682,	681
	917,	782,	841,	681
	916,	842,	683,	682
	915,	841,	842,	682
	914,	837,	684,	683
	913,	842,	837,	683
	912,	832,	843,	783
	911,	784,	832,	783
	910,	843,	841,	782
	909,	783,	843,	782
	908,	844,	831,	830
	907,	838,	844,	830
	906,	843,	832,	831
	905,	844,	843,	831
	904,	842,	844,	838
	903,	837,	842,	838
	902,	841,	843,	844
	901,	842,	841,	844
	900,	853,	854,	849
	899,	850,	853,	849
	898,	854,	845,	846
	897,	849,	854,	846
	896,	793,	794,	854
	895,	853,	793,	854
	894,	794,	795,	845
	893,	854,	794,	845
	892,	32,	855,	852
	891,	33,	32,	852
	890,	855,	856,	851
	889,	852,	855,	851
	888,	856,	853,	850
	887,	851,	856,	850
	886,	31,	791,	855
	885,	32,	31,	855
	884,	791,	792,	856
	883,	855,	791,	856
	882,	792,	793,	853
	881,	856,	792,	853
	880,	857,	859,	803
	879,	802,	857,	803
	878,	859,	848,	804
	877,	803,	859,	804
	876,	858,	860,	859
	875,	857,	858,	859
	874,	860,	847,	848
	873,	859,	860,	848
	872,	850,	849,	860
	871,	858,	850,	860
	870,	849,	846,	847
	869,	860,	849,	847
	868,	35,	861,	800
	867,	36,	35,	800
	866,	861,	862,	801
	865,	800,	861,	801
	864,	862,	857,	802
	863,	801,	862,	802
	862,	34,	863,	861
	861,	35,	34,	861
	860,	863,	864,	862
	859,	861,	863,	862
	858,	864,	858,	857
	857,	862,	864,	857
	856,	33,	852,	863
	855,	34,	33,	863
	854,	852,	851,	864
	853,	863,	852,	864
	852,	851,	850,	858
	851,	864,	851,	858
	850,	869,	870,	865
	849,	866,	869,	865
	848,	870,	690,	689
	847,	865,	870,	689
	846,	798,	799,	870
	845,	869,	798,	870
	844,	799,	691,	690
	843,	870,	799,	690
	842,	845,	871,	868
	841,	846,	845,	868
	840,	871,	872,	867
	839,	868,	871,	867
	838,	872,	869,	866
	837,	867,	872,	866
	836,	795,	796,	871
	835,	845,	795,	871
	834,	796,	797,	872
	833,	871,	796,	872
	832,	797,	798,	869
	831,	872,	797,	869
	830,	873,	875,	808
	829,	807,	873,	808
	828,	875,	687,	686
	827,	808,	875,	686
	826,	874,	876,	875
	825,	873,	874,	875
	824,	876,	688,	687
	823,	875,	876,	687
	822,	866,	865,	876
	821,	874,	866,	876
	820,	865,	689,	688
	819,	876,	865,	688
	818,	848,	877,	805
	817,	804,	848,	805
	816,	877,	878,	806
	815,	805,	877,	806
	814,	878,	873,	807
	813,	806,	878,	807
	812,	879,	847,	846
	811,	868,	879,	846
	810,	877,	848,	847
	809,	879,	877,	847
	808,	874,	880,	867
	807,	866,	874,	867
	806,	880,	879,	868
	805,	867,	880,	868
	804,	873,	878,	880
	803,	874,	873,	880
	802,	878,	877,	879
	801,	880,	878,	879
*****