**
**
**   Template:  Heat 2D Program
**
*NODE
	1,	1,	-1
	2,	1,	-0.9
	3,	1,	-0.8
	4,	1,	-0.7
	5,	1,	-0.6
	6,	1,	-0.5
	7,	1,	-0.4
	8,	1,	-0.3
	9,	1,	-0.2
	10,	1,	-0.1
	11,	1,	0
	12,	1,	0.1
	13,	1,	0.2
	14,	1,	0.3
	15,	1,	0.4
	16,	1,	0.5
	17,	1,	0.6
	18,	1,	0.7
	19,	1,	0.8
	20,	1,	0.9
	21,	1,	1
	22,	0.9,	1
	23,	0.8,	1
	24,	0.7,	1
	25,	0.6,	1
	26,	0.5,	1
	27,	0.4,	1
	28,	0.3,	1
	29,	0.2,	1
	30,	0.1,	1
	31,	0,	1
	32,	-0.1,	1
	33,	-0.2,	1
	34,	-0.3,	1
	35,	-0.4,	1
	36,	-0.5,	1
	37,	-0.6,	1
	38,	-0.7,	1
	39,	-0.8,	1
	40,	-0.9,	1
	41,	-1,	1
	42,	-1,	0.9
	43,	-1,	0.8
	44,	-1,	0.7
	45,	-1,	0.6
	46,	-1,	0.5
	47,	-1,	0.4
	48,	-1,	0.3
	49,	-1,	0.2
	50,	-1,	0.1
	51,	-1,	0
	52,	-1,	-0.1
	53,	-1,	-0.2
	54,	-1,	-0.3
	55,	-1,	-0.4
	56,	-1,	-0.5
	57,	-1,	-0.6
	58,	-1,	-0.7
	59,	-1,	-0.8
	60,	-1,	-0.9
	61,	-1,	-1
	62,	-0.9,	-1
	63,	-0.8,	-1
	64,	-0.7,	-1
	65,	-0.6,	-1
	66,	-0.5,	-1
	67,	-0.4,	-1
	68,	-0.3,	-1
	69,	-0.2,	-1
	70,	-0.1,	-1
	71,	0,	-1
	72,	0.1,	-1
	73,	0.2,	-1
	74,	0.3,	-1
	75,	0.4,	-1
	76,	0.5,	-1
	77,	0.6,	-1
	78,	0.7,	-1
	79,	0.8,	-1
	80,	0.9,	-1
	81,	-0.902392466336,	0.0491227311478
	82,	-0.800765445105,	0.0892465608517
	83,	-0.697203699992,	0.1253816262532
	84,	-0.596159053081,	0.165852401193
	85,	-0.49800730563,	0.2158843817621
	86,	-0.398729749467,	0.2665936419684
	87,	-0.298967346704,	0.3181168536734
	88,	-0.200355703176,	0.368848707804
	89,	-0.101676519832,	0.4042626795803
	90,	0.0035703993983,	0.4451388479442
	91,	0.096170259905,	0.49763407207
	92,	0.2016671597855,	0.5377394087024
	93,	0.3009583556035,	0.5723488750516
	94,	0.400421089641,	0.622103154521
	95,	0.5007302903003,	0.6722060243921
	96,	0.6003161774679,	0.7205215013448
	97,	0.699397568903,	0.7689428871724
	98,	0.7978079633332,	0.8109393317511
	99,	0.8986894731245,	0.8499076168679
	100,	0.004554688554,	0.5383438975172
	101,	-0.000542234251,	0.6263576783376
	102,	-0.000447820752,	0.7192728570045
	103,	0.002025988731,	0.8151534832465
	104,	0.0058576353276,	0.9122130758413
	105,	-0.497060779168,	0.3178661190106
	106,	-0.497266789535,	0.4172662115396
	107,	-0.49841271549,	0.515302688623
	108,	-0.499752827805,	0.6130170408788
	109,	-0.500257393937,	0.710956282078
	110,	-0.49861044737,	0.8099101263012
	111,	-0.4951830207,	0.9096206938254
	112,	-0.599973364366,	0.5532757304481
	113,	-0.700223025984,	0.4932506143949
	114,	-0.801147017578,	0.4315168383248
	115,	-0.900856763765,	0.3617852717193
	116,	-0.698873005669,	0.3999319932019
	117,	-0.691381455138,	0.3112600478288
	118,	-0.691079432208,	0.2175870732663
	119,	-0.595872370054,	0.3630280411252
	120,	-0.598704660469,	0.4572973968526
	121,	-0.594672083998,	0.2664744984867
	122,	-0.892928759112,	0.25628791803
	123,	-0.799930118828,	0.3395623852438
	124,	-0.90033616416,	0.1499218426067
	125,	-0.798723403548,	0.1818219011695
	126,	-0.780338432338,	0.2620049457317
	127,	-0.700353163681,	0.8884680677959
	128,	-0.699792523083,	0.7880432955853
	129,	-0.700171756272,	0.6886544364904
	130,	-0.700392386245,	0.5901882061302
	131,	-0.600023996936,	0.7486306919182
	132,	-0.600457923973,	0.6507323592106
	133,	-0.599102924246,	0.8450631104916
	134,	-0.602711275713,	0.9330195787033
	135,	-0.800110563633,	0.6266335079894
	136,	-0.90012995948,	0.5635373909914
	137,	-0.80048336707,	0.5280744467366
	138,	-0.900548847338,	0.4633805435933
	139,	-0.79996810685,	0.7249795025762
	140,	-0.900157009521,	0.6625923155907
	141,	-0.796080130104,	0.9158546844504
	142,	-0.799170480215,	0.8217358922381
	143,	-0.900454203566,	0.7601338355902
	144,	-0.90024465806,	0.8539777767456
	145,	-0.902464297937,	0.9376135128941
	146,	-0.101648854462,	0.6613600246257
	147,	-0.199777439723,	0.5931486059634
	148,	-0.294837372297,	0.5307043061704
	149,	-0.395932210334,	0.4734856829746
	150,	-0.191202798152,	0.4819733980196
	151,	-0.101129096732,	0.5670907884498
	152,	-0.082012260433,	0.4869189630887
	153,	-0.295003823456,	0.4255061985278
	154,	-0.396540304594,	0.3711546298711
	155,	-0.202924829353,	0.8938133068614
	156,	-0.200661376809,	0.7953633980551
	157,	-0.200374722248,	0.6959843388116
	158,	-0.100283435333,	0.7568840218879
	159,	-0.09919464673,	0.8506433487806
	160,	-0.10258637076,	0.9354438446705
	161,	-0.300184335126,	0.7342045541868
	162,	-0.399705050953,	0.6734457471964
	163,	-0.298667474153,	0.6341015894629
	164,	-0.397267954638,	0.5739164248222
	165,	-0.303509075179,	0.9265520051349
	166,	-0.301604519636,	0.8317772775142
	167,	-0.400322112197,	0.7737844338491
	168,	-0.400164190353,	0.8793270016245
	169,	0.5011028733591,	0.7775244228512
	170,	0.5004402290696,	0.8847542704098
	171,	0.2021663061936,	0.6309086232865
	172,	0.2009420042922,	0.7263233391705
	173,	0.2002382983186,	0.8242675535159
	174,	0.1994919520589,	0.9225328789552
	175,	0.1004831218149,	0.7747449807839
	176,	0.1003577753144,	0.6777988125723
	177,	0.1019890092369,	0.5867733461028
	178,	0.1016291725461,	0.8794053724153
	179,	0.4014949677057,	0.7257939978179
	180,	0.3017562386723,	0.6756710735968
	181,	0.399337516471,	0.9245572017555
	182,	0.4006088140826,	0.826970021073
	183,	0.3008968045466,	0.7775215066327
	184,	0.2995666989193,	0.8830464705824
	185,	0.6989999685095,	0.878468918614
	186,	0.6005992753242,	0.8247812770353
	187,	0.6011003692268,	0.9242864712279
	188,	0.7944209188587,	0.9110241528112
	189,	0.9010269407722,	0.9359709890352
	190,	-0.006651548832,	-0.911707151636
	191,	-0.001771223221,	-0.81394077241
	192,	-8.55155543E-05,	-0.716131978693
	193,	-8.27964054E-06,	-0.619016798327
	194,	-1.4432309E-05,	-0.52182590515
	195,	0.0001314095665,	-0.424322936712
	196,	0.0002646473072,	-0.326715806887
	197,	0.0003062844783,	-0.229098907279
	198,	0.0002347780618,	-0.131354140659
	199,	7.948417133E-05,	-0.033282398112
	200,	-4.5716656E-05,	0.0651703378403
	201,	-0.000242415632,	0.1636332195695
	202,	-0.000959864106,	0.2608517743108
	203,	-0.002581062254,	0.3546375470642
	204,	-0.900187931178,	-0.444016707432
	205,	-0.800058393275,	-0.387855659016
	206,	-0.699669852092,	-0.330657754963
	207,	-0.599689257993,	-0.270759847318
	208,	-0.501113832277,	-0.211704878401
	209,	-0.402558545864,	-0.154895050286
	210,	-0.301586671849,	-0.099916944088
	211,	-0.201169212677,	-0.045055156429
	212,	-0.100705603074,	0.0097998715284
	213,	-0.504593060644,	-0.105627296851
	214,	-0.504367423478,	0.0016607944595
	215,	-0.500129500061,	0.1101429646055
	216,	-0.799942583023,	-0.289683533197
	217,	-0.800710756667,	-0.193344699878
	218,	-0.80768006468,	-0.100393633756
	219,	-0.807552615698,	-0.003365597931
	220,	-0.900648566274,	-0.246606243542
	221,	-0.900280221409,	-0.344951793953
	222,	-0.902752322029,	-0.149390352306
	223,	-0.903692246304,	-0.050797180569
	224,	-0.608879229484,	-0.052660696091
	225,	-0.699763900527,	-0.135807872317
	226,	-0.600113151434,	-0.165750087451
	227,	-0.698903894448,	-0.232153149855
	228,	-0.59937398041,	0.0609064861546
	229,	-0.699612661932,	0.0303532021374
	230,	-0.719155762238,	-0.052708266674
	231,	-0.301732795908,	0.0027092407219
	232,	-0.30127676129,	0.1067695579993
	233,	-0.300472407708,	0.2117255882241
	234,	-0.402456853107,	0.0546031386782
	235,	-0.403293919065,	-0.051002430353
	236,	-0.400193377238,	0.1612670208299
	237,	-0.101277508963,	0.2090526230689
	238,	-0.201220926581,	0.1580866897679
	239,	-0.100874024263,	0.1092647080227
	240,	-0.201285734798,	0.0559341035842
	241,	-0.102343763387,	0.3080472489166
	242,	-0.201204465796,	0.262127948886
	243,	-0.497877903824,	-0.899045305316
	244,	-0.499298493251,	-0.803850847745
	245,	-0.4996719386,	-0.707592170001
	246,	-0.499957928529,	-0.610336700678
	247,	-0.500124245229,	-0.512183680993
	248,	-0.500192177993,	-0.41362769616
	249,	-0.500291081173,	-0.314127993365
	250,	-0.900019110168,	-0.643466141567
	251,	-0.800169959465,	-0.586494515087
	252,	-0.700249350884,	-0.528898995511
	253,	-0.600211766074,	-0.471158798325
	254,	-0.800121375922,	-0.486906322017
	255,	-0.900045677703,	-0.54360050938
	256,	-0.700052150251,	-0.429714127782
	257,	-0.60003141641,	-0.371944804927
	258,	-0.800367378593,	-0.88782411498
	259,	-0.800652482842,	-0.786329378934
	260,	-0.800383585298,	-0.686190834764
	261,	-0.900215024857,	-0.742998703621
	262,	-0.899794576964,	-0.840479985673
	263,	-0.897635492217,	-0.93153778072
	264,	-0.700686454122,	-0.726145527495
	265,	-0.600228126842,	-0.66772683614
	266,	-0.70043701403,	-0.627982619688
	267,	-0.600284964849,	-0.569856155651
	268,	-0.704447625366,	-0.91641429625
	269,	-0.701717016613,	-0.822544278392
	270,	-0.600193483498,	-0.76363740318
	271,	-0.600386493905,	-0.85572612141
	272,	-0.597175440782,	-0.938060799244
	273,	-0.399930412484,	-0.553273216752
	274,	-0.300033076761,	-0.496057920329
	275,	-0.200116190301,	-0.438654191871
	276,	-0.100015270285,	-0.381835897187
	277,	-0.300097126515,	-0.397827875512
	278,	-0.3003551976,	-0.299637172796
	279,	-0.300960333156,	-0.200611297933
	280,	-0.400263450973,	-0.356480448962
	281,	-0.400059783545,	-0.454928942248
	282,	-0.400771402216,	-0.256992880491
	283,	-0.10011491266,	-0.186841738578
	284,	-0.200326656741,	-0.243032015774
	285,	-0.099971971661,	-0.284354783464
	286,	-0.20011026583,	-0.340813727447
	287,	-0.100426870622,	-0.088899384381
	288,	-0.200768857382,	-0.144644076381
	289,	-0.297868083985,	-0.891902681521
	290,	-0.299447652454,	-0.791446850338
	291,	-0.300069785082,	-0.692799725855
	292,	-0.300075343714,	-0.594525831018
	293,	-0.39953001805,	-0.748738273739
	294,	-0.399794778695,	-0.651451036914
	295,	-0.398748122825,	-0.84372412768
	296,	-0.397862079311,	-0.932791973867
	297,	-0.200349410675,	-0.634806652268
	298,	-0.100301887932,	-0.577092516168
	299,	-0.200240581674,	-0.536763856432
	300,	-0.100173529195,	-0.479484910962
	301,	-0.200081420324,	-0.732671960069
	302,	-0.100237584411,	-0.674638553588
	303,	-0.197129308289,	-0.925953140361
	304,	-0.198905143896,	-0.830437955905
	305,	-0.100151252327,	-0.774384528089
	306,	-0.100442413361,	-0.879684282218
	307,	0.1005766934741,	-0.175186817433
	308,	0.2007043596996,	-0.12197500115
	309,	0.3006450876314,	-0.068875323669
	310,	0.4003982810757,	-0.015623178716
	311,	0.5000096047735,	0.0377653009612
	312,	0.5996372109814,	0.0909420530423
	313,	0.6994344445789,	0.1436683350726
	314,	0.7993898641911,	0.1960803058796
	315,	0.8995064641095,	0.2482859955493
	316,	0.4998957101056,	0.1421077264607
	317,	0.499540183977,	0.2475072081142
	318,	0.4979723263942,	0.3543501147117
	319,	0.4973989469086,	0.4606666338526
	320,	0.49848682203,	0.5664633855082
	321,	0.3995090757013,	0.2997320542161
	322,	0.3011770469301,	0.2408738562386
	323,	0.2012515998113,	0.1800283170272
	324,	0.1006576318984,	0.121774728523
	325,	0.3008171310522,	0.1360785132356
	326,	0.3006863955039,	0.0331420177334
	327,	0.4002969979906,	0.1927116658525
	328,	0.4003715748148,	0.0879300642444
	329,	0.1005824971113,	0.0225973243418
	330,	0.2008700569765,	0.0790538061588
	331,	0.1005808019643,	-0.07646357211
	332,	0.2007540087468,	-0.02170923894
	333,	0.2918999137333,	0.4607743811941
	334,	0.3006817498397,	0.3481571983703
	335,	0.3963254225999,	0.5155747479601
	336,	0.3961114823752,	0.4084189477858
	337,	0.20202478565,	0.2799440608965
	338,	0.1006856747792,	0.2201203056815
	339,	0.1819250110022,	0.4563738959775
	340,	0.201264744224,	0.3760527437849
	341,	0.095112264589,	0.4045358515662
	342,	0.1000930066004,	0.3153256798385
	343,	0.8994331967145,	0.5519566193042
	344,	0.799302976877,	0.5033757548619
	345,	0.699251732788,	0.4544686503645
	346,	0.5989263988472,	0.4050285560889
	347,	0.7993190177922,	0.4007942463371
	348,	0.799337751485,	0.2983381615365
	349,	0.8994584566877,	0.4506870090674
	350,	0.8994709131064,	0.3494431000925
	351,	0.599205389011,	0.2998809078608
	352,	0.699275057945,	0.3506241482004
	353,	0.5995026112781,	0.1950893989194
	354,	0.6993484118237,	0.2469768115821
	355,	0.7989776963281,	0.70871887903
	356,	0.7992256721687,	0.6060568995553
	357,	0.8992596613444,	0.7531803664525
	358,	0.8993682910888,	0.6530399319143
	359,	0.5996635116228,	0.6154265082869
	360,	0.6994161712056,	0.6628649465525
	361,	0.5990508813372,	0.5102277275266
	362,	0.6993130179031,	0.5584978487487
	363,	0.499579880095,	-0.889430315359
	364,	0.50001091321,	-0.785384635988
	365,	0.5003950866934,	-0.682531452966
	366,	0.5004207388472,	-0.579915753652
	367,	0.5002620433408,	-0.477082547212
	368,	0.5001642805083,	-0.374285026706
	369,	0.5001660945394,	-0.271547542123
	370,	0.5001383073486,	-0.168779021913
	371,	0.5000781815014,	-0.065764732613
	372,	0.1003661686301,	-0.567836139333
	373,	0.2006965490878,	-0.519807716847
	374,	0.3007707393244,	-0.472803817384
	375,	0.4005357987848,	-0.42477568227
	376,	0.2006968105987,	-0.420784052418
	377,	0.2006751036448,	-0.321413861445
	378,	0.2006804733321,	-0.22182230361
	379,	0.1004860363718,	-0.37197698986
	380,	0.1003931789031,	-0.470085956568
	381,	0.1005470714291,	-0.273659600878
	382,	0.4004557229043,	-0.220643271525
	383,	0.300652868634,	-0.271284061648
	384,	0.4004821810545,	-0.322764175432
	385,	0.3007088345064,	-0.372136618396
	386,	0.4004208143128,	-0.118362396606
	387,	0.3006351567743,	-0.170255510491
	388,	0.2059305425338,	-0.912864811464
	389,	0.202060124313,	-0.815690270538
	390,	0.2010092358308,	-0.717078980461
	391,	0.2007685176572,	-0.618526988157
	392,	0.100409917967,	-0.76169959029
	393,	0.1004847212532,	-0.665099550644
	394,	0.0997890622871,	-0.855631101685
	395,	0.0993729922132,	-0.937885938852
	396,	0.3007288607331,	-0.775775396865
	397,	0.399629687257,	-0.830679674136
	398,	0.3008499712579,	-0.673696405333
	399,	0.3008509530801,	-0.573257928903
	400,	0.4007175531885,	-0.62854675393
	401,	0.4006540953947,	-0.526831553452
	402,	0.40043628742,	-0.730102087186
	403,	0.3007575061736,	-0.881668552578
	404,	0.3983446132626,	-0.926830328859
	405,	0.5999013533075,	-0.423858226737
	406,	0.699715606581,	-0.368405379469
	407,	0.7996296246479,	-0.312189365446
	408,	0.8996858338379,	-0.255933233381
	409,	0.6996934427127,	-0.266124080487
	410,	0.6996799197135,	-0.163933088481
	411,	0.6996333820618,	-0.061672980884
	412,	0.6995374721584,	0.0408096399042
	413,	0.5998639316949,	-0.218343147974
	414,	0.5998768274541,	-0.321042459502
	415,	0.5998243917809,	-0.115579260745
	416,	0.5997388740214,	-0.012557618111
	417,	0.8996795817887,	-0.054417249986
	418,	0.7996139110219,	-0.109159255417
	419,	0.8996884750091,	-0.155167637441
	420,	0.7996250731079,	-0.210650125604
	421,	0.8995738939013,	0.1472639810603
	422,	0.8996432280397,	0.04637579847
	423,	0.7994802510544,	0.0941071615463
	424,	0.7995691491072,	-0.007607868272
	425,	0.6000864956474,	-0.629982927839
	426,	0.6997157157919,	-0.573787844982
	427,	0.7995275180338,	-0.515901430165
	428,	0.8995851808071,	-0.457775642622
	429,	0.6997499231122,	-0.470953294933
	430,	0.6000283944192,	-0.526868260592
	431,	0.7996120633016,	-0.413919787159
	432,	0.8996620613841,	-0.35677916911
	433,	0.6991880081723,	-0.884472993845
	434,	0.6993888320935,	-0.779614775416
	435,	0.6995536516151,	-0.67651723786
	436,	0.5999445882316,	-0.732538997956
	437,	0.6000294418441,	-0.833228072603
	438,	0.6008125867472,	-0.928261565711
	439,	0.7993022760931,	-0.718698200934
	440,	0.8996257579013,	-0.659064125893
	441,	0.7993941376568,	-0.617783012948
	442,	0.8995120265446,	-0.558730135618
	443,	0.7953229667778,	-0.914173091752
	444,	0.7984631316646,	-0.817842234118
	445,	0.8999109887311,	-0.757747760103
	446,	0.8996661718496,	-0.85262002573
	447,	0.9019472304134,	-0.93704948754
*ELEMENT,TYPE=S3
         1,       119,       120,       116
         2,       120,       112,       113
         3,       106,       107,       120
         4,       107,       108,       112
         5,        84,       121,       118
         6,       121,       119,       117
         7,        85,       105,       121
         8,       105,       106,       119
         9,        48,        49,       122
        10,       115,       122,       123
        11,       114,       123,       116
        12,        81,       124,        50
        13,       124,       122,        49
        14,       125,       126,       122
        15,       126,       123,       122
        16,       118,       117,       126
        17,       117,       116,       123
        18,       124,        81,        82
        19,       125,        82,        83
        20,       131,       132,       109
        21,       132,       112,       108
        22,       129,       130,       132
        23,       130,       113,       112
        24,       110,       111,       133
        25,       131,       133,       128
        26,        37,       134,        36
        27,       134,       133,       111
        28,        38,       127,       134
        29,       127,       128,       133
        30,       135,       137,       130
        31,       137,       114,       113
        32,        46,        47,       138
        33,       136,       138,       137
        34,        47,        48,       115
        35,       138,       115,       114
        36,       129,       128,       139
        37,       135,       139,       140
        38,       136,       140,        45
        39,        39,       141,        38
        40,       141,       142,       127
        41,       142,       139,       128
        42,       139,       142,       143
        43,       140,       143,        44
        44,       142,       141,       144
        45,       143,       144,        43
        46,        40,       145,        39
        47,       145,       144,       141
        48,        41,        42,       145
        49,        42,        43,       144
        50,       147,       150,       151
        51,       146,       151,       101
        52,        89,       152,       150
        53,       152,       151,       150
        54,        90,       100,       152
        55,       100,       101,       151
        56,       148,       153,       150
        57,       153,        87,        88
        58,       106,       105,       154
        59,       149,       154,       153
        60,       105,        85,        86
        61,       154,        86,        87
        62,       102,       103,       158
        63,       146,       158,       157
        64,       103,       104,       159
        65,       158,       159,       156
        66,        32,       160,        31
        67,       160,       159,       104
        68,        33,       155,       160
        69,       155,       156,       159
        70,       161,       163,       157
        71,       163,       148,       147
        72,       108,       107,       164
        73,       162,       164,       163
        74,       107,       106,       149
        75,       164,       149,       148
        76,        34,       165,        33
        77,       165,       166,       155
        78,       166,       161,       156
        79,       161,       166,       167
        80,       162,       167,       109
        81,       166,       165,       168
        82,       167,       168,       110
        83,       165,        34,        35
        84,        36,       111,        35
        85,       111,       110,       168
        86,       171,       177,        92
        87,       176,       177,       171
        88,       102,       101,       176
        89,       177,       100,        91
        90,       101,       100,       177
        91,       171,       172,       176
        92,       176,       175,       102
        93,        31,       104,        30
        94,       178,       174,        30
        95,       173,       174,       178
        96,       104,       103,       178
        97,       178,       175,       173
        98,        95,       169,       179
        99,        94,       179,       180
       100,        93,       180,       171
       101,        27,       181,        26
       102,       181,       182,       170
       103,       182,       179,       169
       104,       179,       182,       183
       105,       180,       183,       172
       106,       182,       181,       184
       107,       183,       184,       173
       108,       181,        27,        28
       109,        29,       174,        28
       110,       174,       173,       184
       111,        97,       185,       186
       112,        96,       186,       169
       113,        25,       187,        24
       114,       187,       186,       185
       115,        26,       170,       187
       116,       170,       169,       186
       117,        98,       188,       185
       118,       188,        23,        24
       119,        99,       189,       188
       120,       189,        22,        23
       121,        22,       189,        21
       122,       189,        99,        20
       123,       220,       221,       216
       124,       221,       204,       205
       125,        54,        55,       221
       126,        55,        56,       204
       127,       217,       218,       222
       128,       220,       222,        53
       129,        81,       223,       219
       130,       223,       222,       218
       131,        51,        52,       223
       132,        52,        53,       222
       133,       224,       226,       213
       134,       226,       207,       208
       135,       217,       216,       227
       136,       225,       227,       226
       137,       216,       205,       206
       138,       227,       206,       207
       139,        84,       228,       215
       140,       228,       224,       214
       141,       229,       230,       224
       142,       230,       225,       224
       143,       219,       218,       230
       144,       218,       217,       225
       145,       228,        84,        83
       146,       229,        83,        82
       147,       234,       235,       231
       148,       235,       209,       210
       149,       214,       213,       235
       150,       213,       208,       209
       151,        86,       236,       233
       152,       236,       234,       232
       153,        85,       215,       236
       154,       215,       214,       234
       155,       237,       239,       201
       156,       239,       212,       200
       157,       232,       231,       240
       158,       238,       240,       239
       159,       231,       210,       211
       160,       240,       211,       212
       161,        89,       241,       203
       162,       241,       237,       202
       163,        87,       233,       242
       164,        88,       242,       241
       165,       233,       232,       238
       166,       242,       238,       237
       167,       251,       254,       255
       168,       250,       255,        57
       169,       254,       205,       204
       170,       255,       204,        56
       171,       252,       256,       254
       172,       256,       206,       205
       173,       248,       249,       257
       174,       253,       257,       256
       175,       249,       208,       207
       176,       257,       207,       206
       177,        58,        59,       261
       178,       250,       261,       260
       179,        59,        60,       262
       180,       261,       262,       259
       181,        62,       263,        61
       182,       263,       262,        60
       183,        63,       258,       263
       184,       258,       259,       262
       185,       264,       266,       260
       186,       266,       252,       251
       187,       246,       247,       267
       188,       265,       267,       266
       189,       247,       248,       253
       190,       267,       253,       252
       191,        64,       268,        63
       192,       268,       269,       258
       193,       269,       264,       259
       194,       264,       269,       270
       195,       265,       270,       245
       196,       269,       268,       271
       197,       270,       271,       244
       198,        65,       272,        64
       199,       272,       271,       268
       200,        66,       243,       272
       201,       243,       244,       271
       202,       280,       281,       277
       203,       281,       273,       274
       204,       248,       247,       281
       205,       247,       246,       273
       206,       209,       282,       279
       207,       282,       280,       278
       208,       208,       249,       282
       209,       249,       248,       280
       210,       283,       285,       197
       211,       285,       276,       196
       212,       278,       277,       286
       213,       284,       286,       285
       214,       277,       274,       275
       215,       286,       275,       276
       216,       212,       287,       199
       217,       287,       283,       198
       218,       210,       279,       288
       219,       211,       288,       287
       220,       279,       278,       284
       221,       288,       284,       283
       222,       293,       294,       245
       223,       294,       273,       246
       224,       291,       292,       294
       225,       292,       274,       273
       226,       244,       243,       295
       227,       293,       295,       290
       228,        67,       296,        66
       229,       296,       295,       243
       230,        68,       289,       296
       231,       289,       290,       295
       232,       297,       299,       292
       233,       299,       275,       274
       234,       194,       195,       300
       235,       298,       300,       299
       236,       195,       196,       276
       237,       300,       276,       275
       238,       291,       290,       301
       239,       297,       301,       302
       240,       298,       302,       193
       241,        69,       303,        68
       242,       303,       304,       289
       243,       304,       301,       290
       244,       301,       304,       305
       245,       302,       305,       192
       246,       304,       303,       306
       247,       305,       306,       191
       248,       303,        69,        70
       249,        71,       190,        70
       250,       190,       191,       306
       251,       322,       325,       327
       252,       321,       327,       317
       253,       310,       328,       326
       254,       328,       327,       325
       255,       311,       316,       328
       256,       316,       317,       327
       257,       200,       199,       329
       258,       324,       329,       330
       259,       323,       330,       325
       260,       307,       331,       198
       261,       331,       329,       199
       262,       309,       326,       332
       263,       308,       332,       331
       264,       326,       325,       330
       265,       332,       330,       329
       266,        93,       333,       335
       267,        94,       335,       320
       268,       321,       336,       334
       269,       336,       335,       333
       270,       318,       319,       336
       271,       319,       320,       335
       272,       322,       334,       337
       273,       323,       337,       338
       274,       324,       338,       201
       275,        92,       339,       333
       276,       339,       340,       333
       277,       340,       337,       334
       278,        90,       203,       341
       279,        91,       341,       339
       280,       338,       342,       202
       281,       342,       341,       203
       282,       337,       340,       342
       283,       340,       339,       341
       284,       344,       347,       349
       285,       343,       349,        16
       286,       315,       350,       348
       287,       350,       349,       347
       288,        14,        15,       350
       289,        15,        16,       349
       290,       318,       317,       351
       291,       346,       351,       352
       292,       345,       352,       347
       293,       312,       353,       316
       294,       353,       351,       317
       295,       314,       348,       354
       296,       313,       354,       353
       297,       348,       347,       352
       298,       354,       352,       351
       299,        98,       355,       357
       300,        99,       357,        19
       301,       343,       358,       356
       302,       358,       357,       355
       303,        17,        18,       358
       304,        18,        19,       357
       305,        95,       320,       359
       306,        96,       359,       360
       307,        97,       360,       355
       308,       346,       361,       319
       309,       361,       359,       320
       310,       344,       356,       362
       311,       345,       362,       361
       312,       356,       355,       360
       313,       362,       360,       359
       314,       379,       380,       376
       315,       380,       372,       373
       316,       195,       194,       380
       317,       194,       193,       372
       318,       307,       381,       378
       319,       381,       379,       377
       320,       197,       196,       381
       321,       196,       195,       379
       322,       382,       384,       369
       323,       384,       375,       368
       324,       377,       376,       385
       325,       383,       385,       384
       326,       376,       373,       374
       327,       385,       374,       375
       328,       310,       386,       371
       329,       386,       382,       370
       330,       308,       378,       387
       331,       309,       387,       386
       332,       378,       377,       383
       333,       387,       383,       382
       334,       392,       393,       192
       335,       393,       372,       193
       336,       390,       391,       393
       337,       391,       373,       372
       338,       191,       190,       394
       339,       392,       394,       389
       340,        72,       395,        71
       341,       395,       394,       190
       342,        73,       388,       395
       343,       388,       389,       394
       344,       396,       398,       390
       345,       391,       399,       373
       346,       398,       399,       391
       347,       399,       401,       374
       348,       400,       401,       399
       349,       365,       366,       400
       350,       401,       367,       375
       351,       366,       367,       401
       352,       397,       402,       396
       353,       402,       400,       398
       354,       363,       364,       397
       355,       364,       365,       402
       356,       403,       388,        74
       357,       389,       388,       403
       358,       403,       396,       389
       359,        75,       404,        74
       360,       404,       397,       403
       361,       363,       404,        76
       362,       397,       404,       363
       363,       413,       414,       409
       364,       414,       405,       406
       365,       369,       368,       414
       366,       368,       367,       405
       367,       410,       411,       415
       368,       413,       415,       370
       369,       312,       416,       412
       370,       416,       415,       411
       371,       311,       371,       416
       372,       371,       370,       415
       373,       417,       419,        10
       374,       419,       408,         9
       375,       410,       409,       420
       376,       418,       420,       419
       377,       409,       406,       407
       378,       420,       407,       408
       379,       315,       421,        13
       380,       421,       422,        12
       381,       422,       417,        11
       382,       313,       412,       423
       383,       314,       423,       421
       384,       418,       424,       411
       385,       424,       423,       412
       386,       417,       422,       424
       387,       422,       421,       423
       388,       426,       429,       430
       389,       425,       430,       366
       390,       429,       406,       405
       391,       430,       405,       367
       392,       427,       431,       429
       393,       431,       407,       406
       394,         7,         8,       432
       395,       428,       432,       431
       396,         8,         9,       408
       397,       432,       408,       407
       398,       365,       364,       436
       399,       425,       436,       435
       400,       364,       363,       437
       401,       436,       437,       434
       402,        77,       438,        76
       403,       438,       437,       363
       404,        78,       433,       438
       405,       433,       434,       437
       406,       439,       441,       435
       407,       441,       427,       426
       408,         5,         6,       442
       409,       440,       442,       441
       410,         6,         7,       428
       411,       442,       428,       427
       412,        79,       443,        78
       413,       443,       444,       433
       414,       444,       439,       434
       415,       439,       444,       445
       416,       440,       445,         4
       417,       444,       443,       446
       418,       445,       446,         3
       419,        80,       447,        79
       420,       447,       446,       443
       421,         1,         2,       447
       422,         2,         3,       446
       423,       446,       447,         2
       424,       447,        80,         1
       425,       447,       443,        79
       426,         3,         4,       445
       427,       446,       445,       444
       428,         4,         5,       440
       429,       445,       440,       439
       430,       444,       434,       433
       431,       443,       433,        78
       432,       427,       441,       442
       433,       428,       442,         6
       434,       441,       439,       440
       435,       442,       440,         5
       436,       426,       435,       441
       437,       435,       434,       439
       438,       437,       438,       433
       439,       438,        77,        78
       440,       438,       363,        76
       441,       434,       435,       436
       442,       437,       436,       364
       443,       435,       426,       425
       444,       436,       425,       365
       445,       407,       431,       432
       446,       408,       432,         8
       447,       431,       427,       428
       448,       432,       428,         7
       449,       406,       429,       431
       450,       429,       426,       427
       451,       367,       366,       430
       452,       405,       430,       429
       453,       366,       365,       425
       454,       430,       425,       426
       455,       423,       424,       422
       456,       424,       418,       417
       457,       412,       411,       424
       458,       411,       410,       418
       459,       421,       315,       314
       460,       423,       314,       313
       461,        11,        12,       422
       462,        12,        13,       421
       463,        13,        14,       315
       464,       408,       419,       420
       465,       407,       420,       409
       466,       419,       417,       418
       467,       420,       418,       410
       468,         9,        10,       419
       469,        10,        11,       417
       470,       415,       416,       371
       471,       416,       312,       311
       472,       411,       412,       416
       473,       412,       313,       312
       474,       370,       369,       413
       475,       415,       413,       410
       476,       405,       414,       368
       477,       414,       413,       369
       478,       406,       409,       414
       479,       409,       410,       413
       480,       404,        75,        76
       481,       397,       396,       403
       482,       404,       403,        74
       483,       396,       390,       389
       484,       388,        73,        74
       485,       365,       400,       402
       486,       364,       402,       397
       487,       400,       399,       398
       488,       402,       398,       396
       489,       367,       368,       375
       490,       366,       401,       400
       491,       401,       375,       374
       492,       399,       374,       373
       493,       398,       391,       390
       494,       394,       395,       388
       495,       395,        72,        73
       496,       395,       190,        71
       497,       389,       390,       392
       498,       394,       392,       191
       499,       372,       393,       391
       500,       393,       392,       390
       501,       193,       192,       393
       502,       192,       191,       392
       503,       382,       386,       387
       504,       383,       387,       378
       505,       386,       310,       309
       506,       387,       309,       308
       507,       370,       371,       386
       508,       371,       311,       310
       509,       375,       384,       385
       510,       374,       385,       376
       511,       384,       382,       383
       512,       385,       383,       377
       513,       368,       369,       384
       514,       369,       370,       382
       515,       379,       381,       196
       516,       381,       307,       197
       517,       377,       378,       381
       518,       378,       308,       307
       519,       372,       380,       194
       520,       380,       379,       195
       521,       373,       376,       380
       522,       376,       377,       379
       523,       359,       361,       362
       524,       360,       362,       356
       525,       361,       346,       345
       526,       362,       345,       344
       527,       320,       319,       361
       528,       319,       318,       346
       529,       355,        98,        97
       530,       360,        97,        96
       531,       359,        96,        95
       532,       357,       358,        18
       533,       358,       343,        17
       534,       355,       356,       358
       535,       356,       344,       343
       536,        19,        20,        99
       537,       357,        99,        98
       538,       351,       353,       354
       539,       352,       354,       348
       540,       353,       312,       313
       541,       354,       313,       314
       542,       317,       316,       353
       543,       316,       311,       312
       544,       347,       344,       345
       545,       352,       345,       346
       546,       351,       346,       318
       547,       349,       350,        15
       548,       350,       315,        14
       549,       347,       348,       350
       550,       348,       314,       315
       551,        16,        17,       343
       552,       349,       343,       344
       553,       341,       342,       340
       554,       342,       338,       337
       555,       203,       202,       342
       556,       202,       201,       338
       557,       339,        92,        91
       558,       341,        91,        90
       559,       340,       334,       333
       560,       333,        93,        92
       561,       201,       200,       324
       562,       338,       324,       323
       563,       337,       323,       322
       564,       335,       336,       319
       565,       336,       321,       318
       566,       333,       334,       336
       567,       334,       322,       321
       568,       320,        95,        94
       569,       335,        94,        93
       570,       329,       331,       332
       571,       330,       332,       326
       572,       331,       307,       308
       573,       332,       308,       309
       574,       199,       198,       331
       575,       198,       197,       307
       576,       325,       322,       323
       577,       330,       323,       324
       578,       329,       324,       200
       579,       327,       328,       316
       580,       328,       310,       311
       581,       325,       326,       328
       582,       326,       309,       310
       583,       317,       318,       321
       584,       327,       321,       322
       585,       190,       306,        70
       586,        70,       306,       303
       587,       191,       192,       305
       588,       306,       305,       304
       589,       192,       193,       302
       590,       305,       302,       301
       591,       304,       290,       289
       592,       303,       289,        68
       593,       193,       194,       298
       594,       302,       298,       297
       595,       301,       297,       291
       596,       275,       299,       300
       597,       276,       300,       195
       598,       299,       297,       298
       599,       300,       298,       194
       600,       274,       292,       299
       601,       292,       291,       297
       602,       295,       296,       289
       603,       296,        67,        68
       604,       296,       243,        66
       605,       290,       291,       293
       606,       295,       293,       244
       607,       273,       294,       292
       608,       294,       293,       291
       609,       246,       245,       294
       610,       245,       244,       293
       611,       283,       287,       288
       612,       284,       288,       279
       613,       287,       212,       211
       614,       288,       211,       210
       615,       198,       199,       287
       616,       199,       200,       212
       617,       276,       285,       286
       618,       275,       286,       277
       619,       285,       283,       284
       620,       286,       284,       278
       621,       196,       197,       285
       622,       197,       198,       283
       623,       280,       282,       249
       624,       282,       209,       208
       625,       278,       279,       282
       626,       279,       210,       209
       627,       273,       281,       247
       628,       281,       280,       248
       629,       274,       277,       281
       630,       277,       278,       280
       631,       271,       272,       243
       632,       272,        65,        66
       633,       272,       268,        64
       634,       244,       245,       270
       635,       271,       270,       269
       636,       245,       246,       265
       637,       270,       265,       264
       638,       269,       259,       258
       639,       268,       258,        63
       640,       252,       266,       267
       641,       253,       267,       247
       642,       266,       264,       265
       643,       267,       265,       246
       644,       251,       260,       266
       645,       260,       259,       264
       646,       262,       263,       258
       647,       263,        62,        63
       648,       263,        60,        61
       649,       259,       260,       261
       650,       262,       261,        59
       651,       260,       251,       250
       652,       261,       250,        58
       653,       206,       256,       257
       654,       207,       257,       249
       655,       256,       252,       253
       656,       257,       253,       248
       657,       205,       254,       256
       658,       254,       251,       252
       659,        56,        57,       255
       660,       204,       255,       254
       661,        57,        58,       250
       662,       255,       250,       251
       663,       237,       241,       242
       664,       238,       242,       233
       665,       241,        89,        88
       666,       242,        88,        87
       667,       202,       203,       241
       668,       203,        90,        89
       669,       212,       239,       240
       670,       211,       240,       231
       671,       239,       237,       238
       672,       240,       238,       232
       673,       200,       201,       239
       674,       201,       202,       237
       675,       234,       236,       215
       676,       236,        86,        85
       677,       232,       233,       236
       678,       233,        87,        86
       679,       209,       235,       213
       680,       235,       234,       214
       681,       210,       231,       235
       682,       231,       232,       234
       683,        82,       219,       229
       684,        83,       229,       228
       685,       225,       230,       218
       686,       230,       229,       219
       687,       224,       228,       229
       688,       214,       215,       228
       689,       215,        85,        84
       690,       207,       226,       227
       691,       206,       227,       216
       692,       226,       224,       225
       693,       227,       225,       217
       694,       208,       213,       226
       695,       213,       214,       224
       696,       222,       223,        52
       697,       223,        81,        51
       698,       218,       219,       223
       699,       219,        82,        81
       700,        53,        54,       220
       701,       222,       220,       217
       702,       204,       221,        55
       703,       221,       220,        54
       704,       205,       216,       221
       705,       216,       217,       220
       706,       189,        20,        21
       707,        23,       188,       189
       708,       188,        98,        99
       709,        24,       185,       188
       710,       185,        97,        98
       711,       186,       187,       170
       712,       187,        25,        26
       713,       187,       185,        24
       714,       169,        95,        96
       715,       186,        96,        97
       716,       174,       184,        28
       717,        28,       184,       181
       718,       173,       172,       183
       719,       184,       183,       182
       720,       172,       171,       180
       721,       183,       180,       179
       722,       182,       169,       170
       723,       181,       170,        26
       724,       171,        92,        93
       725,       180,        93,        94
       726,       179,        94,        95
       727,       175,       172,       173
       728,       103,       175,       178
       729,       174,        29,        30
       730,       104,       178,        30
       731,       175,       103,       102
       732,       172,       175,       176
       733,       100,        90,        91
       734,       101,       177,       176
       735,       177,        91,        92
       736,       111,       168,        35
       737,        35,       168,       165
       738,       110,       109,       167
       739,       168,       167,       166
       740,       109,       108,       162
       741,       167,       162,       161
       742,       166,       156,       155
       743,       165,       155,        33
       744,       148,       163,       164
       745,       149,       164,       107
       746,       163,       161,       162
       747,       164,       162,       108
       748,       147,       157,       163
       749,       157,       156,       161
       750,       159,       160,       155
       751,       160,        32,        33
       752,       160,       104,        31
       753,       156,       157,       158
       754,       159,       158,       103
       755,       157,       147,       146
       756,       158,       146,       102
       757,        87,       153,       154
       758,        86,       154,       105
       759,       153,       148,       149
       760,       154,       149,       106
       761,        88,       150,       153
       762,       150,       147,       148
       763,       151,       152,       100
       764,       152,        89,        90
       765,       150,        88,        89
       766,       101,       102,       146
       767,       151,       146,       147
       768,       144,       145,        42
       769,       145,        40,        41
       770,       145,       141,        39
       771,        43,        44,       143
       772,       144,       143,       142
       773,        44,        45,       140
       774,       143,       140,       139
       775,       142,       128,       127
       776,       141,       127,        38
       777,        45,        46,       136
       778,       140,       136,       135
       779,       139,       135,       129
       780,       114,       137,       138
       781,       115,       138,        47
       782,       137,       135,       136
       783,       138,       136,        46
       784,       113,       130,       137
       785,       130,       129,       135
       786,       133,       134,       127
       787,       134,        37,        38
       788,       134,       111,        36
       789,       128,       129,       131
       790,       133,       131,       110
       791,       112,       132,       130
       792,       132,       131,       129
       793,       108,       109,       132
       794,       109,       110,       131
       795,        83,       118,       125
       796,        82,       125,       124
       797,       123,       126,       117
       798,       126,       125,       118
       799,       122,       124,       125
       800,        49,        50,       124
       801,        50,        51,        81
       802,       116,       113,       114
       803,       123,       114,       115
       804,       122,       115,        48
       805,       119,       121,       105
       806,       121,        84,        85
       807,       117,       118,       121
       808,       118,        83,        84
       809,       112,       120,       107
       810,       120,       119,       106
       811,       113,       116,       120
       812,       116,       117,       119
*****
