**
**
**   Template:  Heat 2D Program
**
*NODE
	1,	0.2999950007499,	-0.3333
	2,	0.2809728309064,	-0.231140589714
	3,	0.2285122077215,	-0.141246679433
	4,	0.1491352686266,	-0.074487162946
	5,	0.0517850612445,	-0.038411404549
	6,	-0.052059595802,	-0.0384777218
	7,	-0.149372859077,	-0.07464018951
	8,	-0.228625665651,	-0.141518469506
	9,	-0.280368358431,	-0.231324588002
	10,	-0.298411379705,	-0.333363606726
	11,	-0.280327641815,	-0.435395978336
	12,	-0.228547682648,	-0.525182052486
	13,	-0.149265918593,	-0.592028708301
	14,	-0.051936042881,	-0.628152141676
	15,	0.0519086963141,	-0.628158747583
	16,	0.1492422661931,	-0.592043942271
	17,	0.2287929527738,	-0.525418473723
	18,	0.2810215841012,	-0.435480230842
	19,	0.2,	-0.3333
	20,	0.1732050807569,	-0.4333
	21,	0.1,	-0.506505080757
	22,	0,	-0.5333
	23,	-0.1,	-0.506505080757
	24,	-0.173205080757,	-0.4333
	25,	-0.2,	-0.3333
	26,	-0.173205080757,	-0.2333
	27,	-0.1,	-0.160094919243
	28,	0,	-0.1333
	29,	0.1,	-0.160094919243
	30,	0.1732050807569,	-0.2333
	31,	0.2999950007499,	0.333333
	32,	0.2810373973286,	0.4353418552681
	33,	0.2286174857744,	0.525032572666
	34,	0.149482206465,	0.5920797019774
	35,	0.051843185428,	0.6265056660935
	36,	-0.051802826911,	0.6265622328208
	37,	-0.149379497747,	0.591988532366
	38,	-0.228530111625,	0.52523769592
	39,	-0.280181470059,	0.4355808410865
	40,	-0.297866456455,	0.3333404440894
	41,	-0.280192937098,	0.2310951909402
	42,	-0.228538215635,	0.1414387472835
	43,	-0.149390664604,	0.0746846641181
	44,	-0.051820075684,	0.0401561701078
	45,	0.0518259606436,	0.0401079338492
	46,	0.1493920033921,	0.0747033923498
	47,	0.2288504363369,	0.141580264117
	48,	0.2810851735564,	0.2313037565209
	49,	0.2,	0.333333
	50,	0.1732050807569,	0.233333
	51,	0.1,	0.1601279192431
	52,	-2.22044605E-16,	0.133333
	53,	-0.1,	0.1601279192431
	54,	-0.173205080757,	0.233333
	55,	-0.2,	0.333333
	56,	-0.173205080757,	0.433333
	57,	-0.1,	0.5065380807569
	58,	0,	0.533333
	59,	0.1,	0.5065380807569
	60,	0.1732050807569,	0.433333
	61,	1,	-1
	62,	1,	-0.9
	63,	1,	-0.8
	64,	1,	-0.7
	65,	1,	-0.6
	66,	1,	-0.5
	67,	1,	-0.4
	68,	1,	-0.3
	69,	1,	-0.2
	70,	1,	-0.1
	71,	1,	0
	72,	1,	0.1
	73,	1,	0.2
	74,	1,	0.3
	75,	1,	0.4
	76,	1,	0.5
	77,	1,	0.6
	78,	1,	0.7
	79,	1,	0.8
	80,	1,	0.9
	81,	1,	1
	82,	0.9,	1
	83,	0.8,	1
	84,	0.7,	1
	85,	0.6,	1
	86,	0.5,	1
	87,	0.4,	1
	88,	0.3,	1
	89,	0.2,	1
	90,	0.1,	1
	91,	-4.4408921E-16,	1
	92,	-0.1,	1
	93,	-0.2,	1
	94,	-0.3,	1
	95,	-0.4,	1
	96,	-0.5,	1
	97,	-0.6,	1
	98,	-0.7,	1
	99,	-0.8,	1
	100,	-0.9,	1
	101,	-1,	1
	102,	-1,	0.9
	103,	-1,	0.8
	104,	-1,	0.7
	105,	-1,	0.6
	106,	-1,	0.5
	107,	-1,	0.4
	108,	-1,	0.3
	109,	-1,	0.2
	110,	-1,	0.1
	111,	-1,	0
	112,	-1,	-0.1
	113,	-1,	-0.2
	114,	-1,	-0.3
	115,	-1,	-0.4
	116,	-1,	-0.5
	117,	-1,	-0.6
	118,	-1,	-0.7
	119,	-1,	-0.8
	120,	-1,	-0.9
	121,	-1,	-1
	122,	-0.9,	-1
	123,	-0.8,	-1
	124,	-0.7,	-1
	125,	-0.6,	-1
	126,	-0.5,	-1
	127,	-0.4,	-1
	128,	-0.3,	-1
	129,	-0.2,	-1
	130,	-0.1,	-1
	131,	0,	-1
	132,	0.1,	-1
	133,	0.2,	-1
	134,	0.3,	-1
	135,	0.4,	-1
	136,	0.5,	-1
	137,	0.6,	-1
	138,	0.7,	-1
	139,	0.8,	-1
	140,	0.9,	-1
	141,	0.0393714483335,	-0.720654818568
	142,	0.0776133588726,	-0.819657580058
	143,	0.0937010707913,	-0.917459309004
	144,	0.8989315672529,	-0.041808944064
	145,	0.8011360047654,	0.0292871419226
	146,	0.7053338533623,	0.0947932722384
	147,	0.5992232508928,	0.1531965942482
	148,	0.4890574369162,	0.2051815426904
	149,	0.3923112854001,	0.26261882512
	150,	-0.03416987085,	0.9035560467406
	151,	-0.074856636431,	0.8059599725112
	152,	-0.114649686069,	0.7024675166702
	153,	-0.890381330566,	-0.046309069725
	154,	-0.787772170958,	0.0172106980904
	155,	-0.688649468679,	0.0810419486332
	156,	-0.592520032794,	0.1435672308897
	157,	-0.492034070177,	0.1933446595569
	158,	-0.389733014045,	0.2578739112452
	159,	-0.442684376149,	-0.901667397832
	160,	-0.484540959336,	-0.798784512092
	161,	-0.331020320948,	-0.705264729466
	162,	-0.258645633781,	-0.622013938626
	163,	-0.019337258437,	-0.804215086998
	164,	-0.109936852951,	-0.814502775592
	165,	-0.201278660696,	-0.814270280489
	166,	-0.29216994721,	-0.805931761771
	167,	-0.155921845146,	-0.909302762802
	168,	0.0162511762322,	-0.894287056636
	169,	-0.063980552701,	-0.907344530272
	170,	-0.250982353609,	-0.907295583068
	171,	-0.34614354594,	-0.903178666537
	172,	-0.071686419394,	-0.711496755372
	173,	-0.152251965884,	-0.71847222323
	174,	-0.230712669544,	-0.707420485411
	175,	-0.900984593538,	-0.557895818296
	176,	-0.793481772363,	-0.539530483027
	177,	-0.706400536825,	-0.623643779706
	178,	-0.5949455997,	-0.605660670488
	179,	-0.429995371586,	-0.68881223872
	180,	-0.746233691324,	-0.903588445042
	181,	-0.692729955638,	-0.809337098482
	182,	-0.639905035776,	-0.711863709029
	183,	-0.800346654731,	-0.809098821972
	184,	-0.908075821058,	-0.799834087794
	185,	-0.845827398211,	-0.90100585385
	186,	-0.93400981619,	-0.901590759458
	187,	-0.86665366306,	-0.721693908368
	188,	-0.814640592059,	-0.634448333588
	189,	-0.916145047734,	-0.64522887797
	190,	-0.751346031821,	-0.719541484632
	191,	-0.541341280495,	-0.901840600255
	192,	-0.58592813151,	-0.804290195734
	193,	-0.6433627853,	-0.903207507066
	194,	-0.531364051515,	-0.695654921621
	195,	-0.682093256465,	-0.041979647629
	196,	-0.680014123584,	-0.165050997654
	197,	-0.583981252039,	-0.240038816481
	198,	-0.583222867258,	-0.369832806112
	199,	-0.579795915167,	-0.493622929526
	200,	-0.887687434835,	-0.260794406791
	201,	-0.781327406897,	-0.216322314687
	202,	-0.888292546036,	-0.154190863312
	203,	-0.783585613222,	-0.099989677931
	204,	-0.781555787361,	-0.330455326323
	205,	-0.784605000162,	-0.438741722306
	206,	-0.680202781438,	-0.409798165363
	207,	-0.685460667902,	-0.520979919764
	208,	-0.889390840181,	-0.364678750247
	209,	-0.893498726685,	-0.464040428581
	210,	-0.490468782195,	-0.317713997579
	211,	-0.39227495923,	-0.386080650213
	212,	-0.483185023176,	-0.447771595215
	213,	-0.478155297561,	-0.57516072198
	214,	-0.355925910022,	-0.595718892756
	215,	-0.372691592433,	-0.499268754004
	216,	-0.478034746464,	0.076467626246
	217,	-0.462218246125,	-0.051672733384
	218,	-0.484128256145,	-0.185761455031
	219,	-0.577017885144,	-0.109401764134
	220,	-0.578984333614,	0.0157342695008
	221,	-0.334848779628,	-0.064008531349
	222,	-0.393120792443,	-0.267594203319
	223,	-0.372335523664,	-0.155839341337
	224,	-0.354404947674,	0.0461091989138
	225,	-0.371677554946,	0.1509329526627
	226,	-0.243919762716,	0.0014655538912
	227,	-0.903257589726,	0.4505638622621
	228,	-0.809317496463,	0.3849732752482
	229,	-0.71259302296,	0.3243236822834
	230,	-0.601224883612,	0.2726686679793
	231,	-0.808240349576,	0.2600525825984
	232,	-0.793305124175,	0.1366145463458
	233,	-0.699452728306,	0.2058132958055
	234,	-0.895799943517,	0.1658458995269
	235,	-0.892709471511,	0.0613805504542
	236,	-0.915153053965,	0.2556431822506
	237,	-0.900530379976,	0.3463709242189
	238,	-0.45543292233,	0.9107606384122
	239,	-0.414350334144,	0.8176272032624
	240,	-0.368279386415,	0.7232963816903
	241,	-0.305143963315,	0.6306082157397
	242,	-0.75502163383,	0.9051110465459
	243,	-0.827880634272,	0.8281065994612
	244,	-0.910427675728,	0.7652625126974
	245,	-0.919757114596,	0.873110967924
	246,	-0.845316425228,	0.9227753306964
	247,	-0.813972290556,	0.5066693923312
	248,	-0.807561238176,	0.6236782563314
	249,	-0.808724150712,	0.7265825268246
	250,	-0.427412385747,	0.6400702308582
	251,	-0.492122515788,	0.5692271246392
	252,	-0.558751603934,	0.4887494368783
	253,	-0.63065684164,	0.3935977415289
	254,	-0.65203191179,	0.4999301525005
	255,	-0.723790166624,	0.570842829237
	256,	-0.659093210513,	0.8919251929363
	257,	-0.724367794749,	0.7987427288107
	258,	-0.563405837614,	0.8999506386699
	259,	-0.694294825981,	0.6865213015261
	260,	-0.615025450692,	0.5922203385636
	261,	-0.485813370614,	0.7354293739709
	262,	-0.512551201377,	0.8248328539921
	263,	-0.612156332135,	0.7790540568806
	264,	-0.728362187809,	0.4456976074938
	265,	-0.454380787407,	0.4680060410711
	266,	-0.418535312251,	0.3603392569579
	267,	-0.492816036997,	0.2935858245112
	268,	-0.530467515944,	0.3833480103254
	269,	-0.363209406765,	0.4294191084511
	270,	-0.35960558983,	0.5377872682477
	271,	-0.905308769677,	0.6628605899706
	272,	-0.90406026319,	0.5581940716165
	273,	-0.242105797455,	0.8866473823979
	274,	-0.174554349529,	0.7883175237221
	275,	-0.139369822434,	0.8980040988112
	276,	-0.264009900106,	0.7500175076007
	277,	-0.209645542853,	0.6617799916026
	278,	-0.321694750438,	0.8193155815523
	279,	-0.350682260747,	0.909942133256
	280,	0.8896582943583,	0.3527499559745
	281,	0.7900053006927,	0.287501444074
	282,	0.6979240226899,	0.2202948548917
	283,	0.4553758782274,	0.8987257737265
	284,	0.4095197962117,	0.796408288512
	285,	0.3555324704276,	0.7010257535841
	286,	0.282192043169,	0.6172432369406
	287,	0.3550204197838,	0.9013989629655
	288,	0.2574393019081,	0.9094809734959
	289,	0.3029776796103,	0.8089857941803
	290,	-0.015846540174,	0.7169184911271
	291,	0.0757448053907,	0.8946385356511
	292,	0.0270336626139,	0.810759152707
	293,	0.1619902160096,	0.9244797168182
	294,	0.132654797385,	0.7829204867867
	295,	0.0747819288493,	0.7190099887839
	296,	0.1658022372592,	0.6754425933945
	297,	0.2431632722903,	0.7297987308576
	298,	0.9113670795452,	0.7612723563966
	299,	0.833180543868,	0.8367622706535
	300,	0.7666536181306,	0.9155661559044
	301,	0.8747689605901,	0.9224381142899
	302,	0.9254831346046,	0.8486847168142
	303,	0.5169057383562,	0.7965298621436
	304,	0.6245021500797,	0.8056776463881
	305,	0.731592160073,	0.8216842546095
	306,	0.8919632391857,	0.5651857600377
	307,	0.7909981458936,	0.6383554407095
	308,	0.7017621327155,	0.7183736277906
	309,	0.9003286256207,	0.6657721128431
	310,	0.8108271206798,	0.7410613270421
	311,	0.780053868682,	0.529125668204
	312,	0.7807293819902,	0.4121488661253
	313,	0.6832991738109,	0.3528506173937
	314,	0.5904138367768,	0.2821665348823
	315,	0.4878409681858,	0.3390514818785
	316,	0.387931138388,	0.3921103116302
	317,	0.3488560184664,	0.5114900754461
	318,	0.4668714173334,	0.4758060283979
	319,	0.5749737301342,	0.4227070155429
	320,	0.6689387108262,	0.4859534355918
	321,	0.6743657703746,	0.6056476918237
	322,	0.5878308334481,	0.6932424920583
	323,	0.4752361318184,	0.6872405826641
	324,	0.4172624331615,	0.5939370649885
	325,	0.5517077228341,	0.5671471812372
	326,	0.8884215512861,	0.4603519696245
	327,	0.6619062089568,	0.9070865680567
	328,	0.5580823282192,	0.9009749696129
	329,	0.8048608903211,	0.1573834831321
	330,	0.9136347930479,	0.153348182135
	331,	0.8935682659388,	0.2461127364991
	332,	0.897117564295,	0.0629502644231
	333,	0.4461395939772,	-0.892027047342
	334,	0.3876001894624,	-0.795110409556
	335,	0.3247918309753,	-0.706680102993
	336,	0.2425374168921,	-0.629313531822
	337,	0.912409173582,	-0.650437423204
	338,	0.8115057919344,	-0.671200836897
	339,	0.7106891256369,	-0.694038486116
	340,	0.6030948560823,	-0.722633493677
	341,	0.4950329162362,	-0.778320501606
	342,	0.9177604179038,	-0.485444594451
	343,	0.8649524597023,	-0.565907843208
	344,	0.6074671687181,	0.0313659340335
	345,	0.5132116070288,	-0.030956028666
	346,	0.4209066773338,	-0.091322319168
	347,	0.3448584051323,	-0.166695503659
	348,	0.3950013968896,	0.0172730658361
	349,	0.3675037426517,	0.1337515356089
	350,	0.4943941219087,	0.0865689249429
	351,	0.2632533624728,	0.0329704600381
	352,	0.2991575458947,	-0.06309678913
	353,	0.6177517015274,	-0.090400670081
	354,	0.7132581979026,	-0.151784423875
	355,	0.8077430287532,	-0.210266659743
	356,	0.9019970732904,	-0.261296045358
	357,	0.8079854961507,	-0.331870508626
	358,	0.8037243015452,	-0.45949317583
	359,	0.525965052088,	-0.654533105553
	360,	0.4475982829932,	-0.575489521914
	361,	0.358403237848,	-0.502627691307
	362,	0.560413911272,	-0.540616036623
	363,	0.590372805777,	-0.432253774827
	364,	0.7082018513905,	-0.390101678807
	365,	0.638898303773,	-0.612468710466
	366,	0.6806061753569,	-0.500122753194
	367,	0.6124389493031,	-0.325824228629
	368,	0.6203365271124,	-0.211332863177
	369,	0.7145366490614,	-0.272267880174
	370,	0.5197210639347,	-0.26214376157
	371,	0.442308592988,	-0.195181507185
	372,	0.5283813577766,	-0.146761017164
	373,	0.3974375902528,	-0.285020117191
	374,	0.3882716577306,	-0.396955445545
	375,	0.473658647999,	-0.468975994316
	376,	0.4960582178233,	-0.362527506958
	377,	0.3381957250719,	-0.599850023735
	378,	0.4232147010429,	-0.68568834758
	379,	0.9008403928716,	-0.375764446981
	380,	0.900941589474,	-0.150045280166
	381,	0.7085140499866,	-0.02934101812
	382,	0.8043924069331,	-0.091069661202
	383,	0.6443142327614,	-0.907102456607
	384,	0.5890410732784,	-0.821425970792
	385,	0.5395163449311,	-0.900901517503
	386,	0.7423359271227,	-0.896721326732
	387,	0.6844889967713,	-0.802215073229
	388,	0.788543819427,	-0.786431761268
	389,	0.8904069233375,	-0.824225947258
	390,	0.8959396646635,	-0.739822633762
	391,	0.8352407093273,	-0.901226967304
	392,	0.9315958457117,	-0.905546978677
	393,	0.154401860147,	-0.766367299426
	394,	0.2311100371187,	-0.718187124603
	395,	0.1405517135963,	-0.677771063443
	396,	0.2764213702927,	-0.804783954866
	397,	0.262615124655,	-0.899931040844
	398,	0.3499607976467,	-0.897461252169
	399,	0.1760950448905,	-0.852272966202
	400,	0.1896498965225,	-0.939460210693
	401,	-0.680695159016,	-0.289551018063
	402,	-0.562121926498,	0.6717556142331
	403,	0.1957192481707,	0.8355899930904
	404,	0.7531316196162,	-0.577455275683
	405,	-0.388599200925,	-0.800533582138
*ELEMENT,TYPE=S3
       708,       179,       160,       405
       707,       159,       405,       160
       706,       358,       366,       404
       705,       365,       404,       366
       704,       291,       294,       403
       703,       297,       403,       294
       702,       259,       260,       402
       701,       251,       402,       260
       700,       198,       197,       401
       699,       196,       401,       197
       698,       163,       168,       142
       697,       131,       132,       143
       696,       169,       168,       163
       695,       130,       169,       167
       694,       131,       168,       169
       693,       165,       170,       167
       692,       170,       128,       129
       691,       171,       166,       405
       690,       170,       165,       166
       689,       127,       171,       159
       688,       128,       170,       171
       687,        14,       172,       141
       686,       163,       142,       141
       685,       173,       165,       164
       684,       174,       166,       165
       683,       161,       405,       166
       682,        13,       173,       172
       681,       174,       173,        13
       680,       186,       120,       121
       679,       184,       186,       185
       678,       119,       120,       186
       677,       185,       122,       123
       676,       183,       185,       180
       675,       118,       119,       184
       674,       189,       117,       118
       673,       176,       175,       188
       672,       175,       116,       117
       671,       190,       183,       181
       670,       187,       184,       183
       669,       177,       190,       182
       668,       188,       190,       177
       667,       191,       125,       126
       666,       193,       124,       125
       665,       193,       192,       181
       664,       124,       193,       180
       663,       405,       161,       179
       662,       191,       159,       160
       661,       194,       213,       178
       660,       192,       194,       182
       659,       200,       202,       113
       658,       202,       153,       112
       657,       203,       201,       196
       656,       202,       200,       201
       655,       154,       203,       195
       654,       153,       202,       203
       653,       201,       204,       401
       652,       206,       198,       401
       651,       207,       206,       205
       650,       199,       207,       178
       649,       199,       198,       206
       648,       208,       200,       114
       647,       204,       201,       200
       646,       209,       115,       116
       645,       176,       205,       209
       644,       205,       204,       208
       643,       212,       210,       198
       642,       199,       178,       213
       641,       161,       162,       214
       640,       213,       214,       215
       639,        12,        11,       215
       638,       219,       196,       197
       637,       156,       220,       216
       636,       220,       219,       217
       635,       155,       195,       220
       634,       195,       196,       219
       633,       223,       221,       217
       632,         9,       223,       222
       631,         8,       221,       223
       630,       210,       211,       222
       629,       211,        11,        10
       628,         8,         7,       226
       627,         6,        44,        43
       626,         6,         5,        45
       625,       226,        43,        42
       624,       158,       225,        41
       623,       224,       216,       217
       622,       225,       158,       157
       621,       233,       155,       156
       620,       231,       233,       229
       619,       232,       154,       155
       618,       235,       154,       232
       617,       110,       235,       234
       616,       111,       153,       235
       615,       231,       236,       234
       614,       236,       108,       109
       613,       237,       236,       231
       612,       107,       237,       227
       611,       108,       236,       237
       610,       245,       102,       103
       609,        99,       246,       242
       608,       246,       245,       243
       607,       100,       102,       245
       606,       242,       257,       256
       605,       243,       249,       257
       604,       261,       250,       240
       603,       261,       402,       250
       602,       239,       238,       262
       601,       258,       256,       263
       600,       261,       262,       263
       599,       260,       254,       252
       598,       260,       259,       255
       597,       248,       255,       259
       596,        96,        97,       258
       595,       247,       264,       255
       594,       254,       264,       253
       593,       264,       228,       229
       592,       267,       157,       158
       591,       252,       268,       265
       590,       268,       267,       266
       589,       268,       253,       230
       588,       269,       266,        40
       587,        39,        38,       270
       586,       241,       240,       250
       585,       265,       269,       270
       584,       271,       249,       244
       583,       105,       272,       271
       582,       272,       247,       248
       581,       106,       227,       272
       580,       227,       228,       247
       579,       275,       150,        92
       578,       273,       275,        93
       577,       274,       151,       275
       576,       277,       152,       274
       575,       241,       277,       276
       574,        38,        37,       277
       573,       273,       278,       276
       572,       278,       239,       240
       571,       279,       273,        94
       570,       238,       279,        95
       569,       239,       278,       279
       568,        36,        35,       290
       567,       292,       150,       151
       566,       291,        90,        91
       565,       292,       295,       294
       564,       296,       295,        35
       563,       296,        34,       286
       562,       289,       403,       297
       561,        90,       291,       293
       560,       288,       287,        88
       559,       289,       284,       287
       558,        87,        88,       287
       557,       301,        82,        83
       556,        79,       302,       298
       555,       302,       301,       299
       554,        80,        82,       301
       553,       309,       306,        77
       552,       309,       298,       310
       551,       305,       308,       310
       550,       315,       319,       318
       549,       314,       313,       319
       548,       313,       312,       320
       547,       307,       308,       321
       546,       308,       304,       322
       545,       284,       285,       323
       544,       285,       286,       324
       543,       323,       324,       325
       542,       319,       320,       325
       541,        33,        32,       317
       540,       315,       149,       148
       539,       316,        32,        31
       538,       313,       282,       281
       537,       314,       148,       147
       536,       280,       326,       312
       535,       311,       312,       326
       534,       326,       280,        75
       533,       327,       305,       300
       532,        85,       328,       327
       531,       328,       303,       304
       530,        86,       283,       328
       529,       283,       284,       303
       528,       329,       282,       146
       527,       331,       281,       329
       526,       331,       330,        73
       525,       280,       331,        74
       524,       332,       330,       329
       523,        71,       332,       144
       522,        72,        73,       330
       521,       350,       147,       148
       520,       345,       350,       348
       519,       344,       146,       147
       518,        47,       351,       349
       517,       149,        31,        48
       516,        46,         5,         4
       515,       346,       348,       352
       514,       347,       352,         3
       513,       352,       351,         4
       512,       359,       365,       362
       511,       364,       363,       366
       510,       343,       358,       404
       509,       364,       369,       367
       508,       368,       369,       354
       507,       369,       357,       355
       506,       368,       372,       370
       505,       371,       372,       346
       504,       372,       353,       345
       503,       347,         2,       373
       502,        18,       361,       374
       501,       360,       362,       375
       500,       375,       362,       363
       499,       370,       371,       373
       498,       378,       359,       360
       497,       341,       340,       359
       496,       335,       378,       377
       495,       334,       341,       378
       494,       377,       361,        17
       493,       356,       357,       379
       492,       342,        67,       379
       491,       380,        69,        70
       490,       356,        68,        69
       489,       382,       144,       145
       488,       354,       382,       381
       487,       355,       380,       382
       486,       381,       145,       146
       485,       353,       381,       344
       484,       342,       343,        65
       483,       383,       385,       137
       482,       385,       333,       136
       481,       385,       384,       341
       480,       386,       383,       138
       479,       387,       384,       383
       478,       340,       341,       384
       477,       387,       388,       339
       476,       338,       339,       388
       475,       390,       389,        63
       474,       337,       390,        64
       473,       337,       338,       390
       472,       391,       386,       139
       471,       388,       387,       386
       470,       392,       140,        61
       469,        63,       389,       392
       468,       389,       388,       391
       467,       393,       395,       141
       466,       395,        16,        15
       465,       395,       394,       336
       464,       394,       396,       335
       463,       334,       335,       396
       462,       398,       397,       134
       461,       333,       398,       135
       460,       333,       334,       398
       459,       399,       393,       142
       458,       396,       394,       393
       457,       400,       143,       132
       456,       134,       397,       400
       455,       397,       396,       399
       454,       400,       397,       399
       453,       133,       134,       400
       452,       400,       399,       143
       451,       133,       400,       132
       450,       399,       396,       393
       449,       143,       399,       142
       448,       135,       136,       333
       447,       135,       398,       134
       446,       397,       398,       396
       445,       396,       398,       334
       444,       336,       394,       335
       443,        16,       395,       336
       442,        16,       336,        17
       441,       395,       393,       394
       440,       141,       395,        15
       439,       142,       393,       141
       438,       392,       389,       391
       437,        62,        63,       392
       436,       392,       391,       140
       435,        62,       392,        61
       434,       391,       388,       386
       433,       140,       391,       139
       432,        64,        65,       337
       431,        64,       390,        63
       430,       389,       390,       388
       429,       388,       390,       338
       428,       340,       387,       339
       427,       387,       340,       384
       426,       386,       387,       383
       425,       139,       386,       138
       424,       333,       385,       341
       423,       333,       341,       334
       422,       385,       383,       384
       421,       137,       385,       136
       420,       138,       383,       137
       419,        65,        66,       342
       418,        65,       343,       337
       417,        66,        67,       342
       416,       338,       337,       343
       415,       344,       345,       353
       414,       146,       344,       381
       413,       355,       356,       380
       412,       354,       355,       382
       411,       381,       353,       354
       410,       382,       380,       144
       409,       381,       382,       145
       408,       380,       356,        69
       407,       144,       380,        70
       406,       357,       356,       355
       405,       379,       358,       342
       404,        68,       379,        67
       403,       379,        68,       356
       402,       358,       379,       357
       401,       342,       358,       343
       400,       336,       377,        17
       399,       361,        18,        17
       398,       377,       360,       361
       397,       378,       335,       334
       396,       377,       336,       335
       395,       359,       378,       341
       394,       360,       377,       378
       393,       376,       374,       375
       392,       376,       370,       373
       391,       374,       376,       373
       390,       376,       367,       370
       389,       376,       375,       363
       388,       367,       376,       363
       387,       361,       360,       375
       386,       374,       361,       375
       385,         1,        18,       374
       384,       373,         1,       374
       383,       373,       371,       347
       382,         1,       373,         2
       381,       372,       368,       353
       380,       346,       372,       345
       379,       371,       370,       372
       378,       347,       371,       346
       377,       367,       368,       370
       376,       369,       364,       357
       375,       354,       369,       355
       374,       368,       367,       369
       373,       353,       368,       354
       372,       363,       364,       367
       371,       338,       343,       404
       370,       339,       338,       404
       369,       339,       404,       365
       368,       366,       358,       364
       367,       365,       366,       362
       366,       364,       358,       357
       365,       339,       365,       340
       364,       359,       340,       365
       363,       360,       359,       362
       362,       363,       362,       366
       361,         3,       352,         4
       360,         2,       347,         3
       359,       352,       347,       346
       358,       351,       352,       348
       357,        46,        45,         5
       356,       351,        46,         4
       355,       349,       149,        48
       354,        48,        47,       349
       353,       351,       348,       349
       352,        47,        46,       351
       351,       345,       344,       350
       350,       350,       344,       147
       349,       346,       345,       348
       348,       348,       350,       349
       347,       349,       350,       148
       346,       149,       349,       148
       345,        71,        72,       332
       344,       332,        72,       330
       343,        70,        71,       144
       342,       144,       332,       145
       341,       145,       332,       329
       340,        74,        75,       280
       339,        73,        74,       331
       338,       331,       280,       281
       337,       330,       331,       329
       336,       329,       281,       282
       335,       145,       329,       146
       334,       147,       146,       282
       333,       328,       283,       303
       332,        85,        86,       328
       331,       327,       328,       304
       330,        84,        85,       327
       329,       327,       304,       305
       328,        84,       327,       300
       327,       299,       300,       305
       326,       306,       326,        76
       325,        76,       326,        75
       324,       307,       311,       306
       323,       306,       311,       326
       322,       281,       280,       312
       321,       313,       314,       282
       320,       282,       314,       147
       319,       281,       312,       313
       318,       315,       316,       149
       317,       149,       316,        31
       316,       148,       314,       315
       315,       317,       286,        33
       314,       316,       317,        32
       313,       325,       318,       319
       312,       325,       324,       318
       311,       321,       325,       320
       310,       322,       323,       325
       309,       321,       322,       325
       308,       318,       324,       317
       307,       324,       323,       285
       306,       317,       324,       286
       305,       303,       284,       323
       304,       322,       303,       323
       303,       322,       321,       308
       302,       303,       322,       304
       301,       321,       311,       307
       300,       320,       311,       321
       299,       320,       319,       313
       298,       311,       320,       312
       297,       319,       315,       314
       296,       316,       315,       318
       295,       317,       316,       318
       294,       299,       305,       310
       293,       298,       299,       310
       292,       307,       309,       310
       291,       308,       307,       310
       290,       308,       305,       304
       289,       298,       309,        78
       288,       309,       307,       306
       287,        78,       309,        77
       286,        76,        77,       306
       285,       301,       302,        80
       284,        80,        81,        82
       283,       302,        79,        80
       282,       298,       302,       299
       281,        78,        79,       298
       280,       299,       301,       300
       279,       300,       301,        83
       278,        84,       300,        83
       277,        86,        87,       283
       276,       283,        87,       287
       275,       284,       283,       287
       274,       289,       285,       284
       273,       288,       289,       287
       272,        88,        89,       288
       271,        89,        90,       293
       270,       288,        89,       293
       269,       286,        34,        33
       268,       297,       285,       289
       267,       296,       297,       294
       266,       297,       296,       286
       265,       285,       297,       286
       264,        35,        34,       296
       263,       290,        35,       295
       262,       295,       296,       294
       261,       295,       292,       290
       260,       291,       292,       294
       259,       288,       293,       403
       258,       288,       403,       289
       257,       403,       293,       291
       256,       292,       291,       150
       255,       150,       291,        91
       254,       151,       290,       292
       253,        37,        36,       152
       252,       152,        36,       290
       251,       151,       152,       290
       250,       238,       239,       279
       249,        96,       238,        95
       248,       279,       278,       273
       247,        95,       279,        94
       246,       276,       278,       240
       245,       274,       273,       276
       244,       241,        38,       277
       243,       240,       241,       276
       242,       277,        37,       152
       241,       276,       277,       274
       240,       274,       152,       151
       239,       273,       274,       275
       238,        94,       273,        93
       237,       275,       151,       150
       236,        93,       275,        92
       235,        91,        92,       150
       234,       272,       227,       247
       233,       105,       106,       272
       232,       271,       272,       248
       231,       104,       105,       271
       230,       271,       248,       249
       229,       104,       271,       244
       228,       243,       244,       249
       227,       251,       265,       270
       226,       250,       251,       270
       225,       250,       270,       241
       224,       270,       269,        39
       223,       241,       270,        38
       222,        39,       269,        40
       221,       266,       158,        40
       220,       269,       265,       266
       219,       267,       268,       230
       218,       253,       229,       230
       217,       268,       252,       253
       216,       265,       268,       266
       215,       251,       252,       265
       214,       267,       230,       157
       213,       266,       267,       158
       212,       264,       247,       228
       211,       253,       264,       229
       210,       254,       255,       264
       209,       252,       254,       253
       208,       248,       247,       255
       207,       258,       238,        96
       206,       256,       258,        97
       205,       249,       248,       259
       204,       257,       249,       259
       203,       254,       260,       255
       202,       252,       251,       260
       201,       402,       261,       263
       200,       259,       402,       263
       199,       263,       257,       259
       198,       263,       262,       258
       197,       257,       263,       256
       196,       262,       261,       239
       195,       258,       262,       238
       194,       250,       402,       251
       193,       240,       239,       261
       192,       257,       242,       243
       191,        98,       242,       256
       190,        97,        98,       256
       189,       245,       246,       100
       188,       100,       101,       102
       187,       246,        99,       100
       186,       242,       246,       243
       185,        98,        99,       242
       184,       243,       245,       244
       183,       244,       245,       103
       182,       104,       244,       103
       181,       107,       108,       237
       180,       106,       107,       227
       179,       227,       237,       228
       178,       228,       237,       231
       177,       234,       236,       109
       176,       232,       231,       234
       175,       111,       112,       153
       174,       110,       111,       235
       173,       109,       110,       234
       172,       235,       153,       154
       171,       234,       235,       232
       170,       231,       232,       233
       169,       233,       232,       155
       168,       228,       231,       229
       167,       229,       233,       230
       166,       230,       233,       156
       165,       157,       230,       156
       164,       224,       225,       216
       163,       216,       225,       157
       162,       217,       221,       224
       161,        41,        40,       158
       160,        42,        41,       225
       159,       224,       226,        42
       158,       225,       224,        42
       157,        44,         6,        45
       156,         7,         6,        43
       155,       226,         7,        43
       154,       221,         8,       226
       153,       224,       221,       226
       152,       222,       211,        10
       151,       218,       210,       222
       150,         9,         8,       223
       149,        10,         9,       222
       148,       222,       223,       218
       147,       218,       223,       217
       146,       220,       195,       219
       145,       156,       155,       220
       144,       216,       220,       217
       143,       157,       156,       216
       142,       218,       219,       197
       141,       210,       218,       197
       140,       218,       217,       219
       139,       215,       214,        12
       138,       211,       215,        11
       137,       212,       213,       215
       136,       211,       212,       215
       135,        12,       214,       162
       134,       179,       161,       214
       133,       213,       179,       214
       132,       213,       212,       199
       131,       179,       213,       194
       130,       212,       211,       210
       129,       199,       212,       198
       128,       197,       198,       210
       127,       209,       205,       208
       126,       175,       176,       209
       125,       209,       208,       115
       124,       175,       209,       116
       123,       208,       204,       200
       122,       115,       208,       114
       121,       207,       199,       206
       120,       177,       178,       207
       119,       177,       207,       176
       118,       176,       207,       205
       117,       205,       206,       204
       116,       204,       206,       401
       115,       196,       201,       401
       114,       154,       153,       203
       113,       155,       154,       195
       112,       203,       202,       201
       111,       195,       203,       196
       110,       113,       202,       112
       109,       114,       200,       113
       108,       182,       181,       192
       107,       178,       182,       194
       106,       192,       160,       194
       105,       192,       191,       160
       104,       179,       194,       160
       103,       180,       123,       124
       102,       181,       180,       193
       101,       192,       193,       191
       100,       191,       193,       125
        99,       126,       159,       191
        98,       188,       187,       190
        97,       176,       188,       177
        96,       182,       178,       177
        95,       183,       190,       187
        94,       181,       182,       190
        93,       189,       175,       117
        92,       188,       175,       189
        91,       188,       189,       187
        90,       187,       189,       118
        89,       184,       187,       118
        88,       180,       181,       183
        87,       123,       180,       185
        86,       186,       184,       119
        85,       185,       183,       184
        84,       185,       186,       122
        83,       122,       186,       121
        82,       162,       174,        13
        81,        12,       162,        13
        80,       162,       161,       174
        79,        14,        13,       172
        78,       174,       161,       166
        77,       173,       174,       165
        76,       172,       173,       164
        75,       164,       163,       172
        74,       172,       163,       141
        73,        15,        14,       141
        72,       127,       128,       171
        71,       126,       127,       159
        70,       171,       170,       166
        69,       159,       171,       405
        68,       167,       170,       129
        67,       164,       165,       167
        66,       130,       131,       169
        65,       129,       130,       167
        64,       167,       169,       164
        63,       164,       169,       163
        62,       143,       168,       131
        61,       142,       168,       143
        60,        32,        60,        49
        59,        33,        60,        32
        58,        33,        59,        60
        57,        33,        34,        59
        56,        34,        35,        59
        55,        35,        58,        59
        54,        35,        36,        58
        53,        36,        57,        58
        52,        36,        37,        57
        51,        37,        38,        57
        50,        38,        56,        57
        49,        38,        39,        56
        48,        39,        55,        56
        47,        39,        40,        55
        46,        40,        41,        55
        45,        41,        54,        55
        44,        41,        42,        54
        43,        42,        53,        54
        42,        42,        43,        53
        41,        43,        44,        53
        40,        44,        52,        53
        39,        44,        45,        52
        38,        45,        51,        52
        37,        45,        46,        51
        36,        49,        31,        32
        35,        46,        47,        51
        34,        47,        50,        51
        33,        47,        48,        50
        32,        48,        49,        50
        31,        48,        31,        49
        30,         2,        30,        19
        29,         3,        30,         2
        28,         3,        29,        30
        27,         3,         4,        29
        26,         4,         5,        29
        25,         5,        28,        29
        24,         5,         6,        28
        23,         6,        27,        28
        22,         6,         7,        27
        21,         7,         8,        27
        20,         8,        26,        27
        19,         8,         9,        26
        18,         9,        25,        26
        17,         9,        10,        25
        16,        10,        11,        25
        15,        11,        24,        25
        14,        11,        12,        24
        13,        12,        23,        24
        12,        12,        13,        23
        11,        13,        14,        23
        10,        14,        22,        23
         9,        14,        15,        22
         8,        15,        21,        22
         7,        15,        16,        21
         6,        19,         1,         2
         5,        16,        17,        21
         4,        17,        20,        21
         3,        17,        18,        20
         2,        18,        19,        20
         1,        18,         1,        19
*****
